-17.5	-17.5	-17.5	-17.5	-17.5	-17.5	-17.5	-17.5	-17.5	-17.5	-17.5	-17.5	-17.5	-17.5	-17.5	-17.5	-17.5	-17.5	-17.5	-17.5	-17.5	-17.5	-17.5	-17.5	-17.5	-17.5	-17.5	-17.5	-17.5	-17.5	-17.5	-17.5	-17.5	-17.5	-17.5	-17.5	-17.5	-17.5	-17.5	-17.5
-16.602564102564	-16.602564102564	-16.602564102564	-16.602564102564	-16.602564102564	-16.602564102564	-16.602564102564	-16.602564102564	-16.602564102564	-16.602564102564	-16.602564102564	-16.602564102564	-16.602564102564	-16.602564102564	-16.602564102564	-16.602564102564	-16.602564102564	-16.602564102564	-16.602564102564	-16.602564102564	-16.602564102564	-16.602564102564	-16.602564102564	-16.602564102564	-16.602564102564	-16.602564102564	-16.602564102564	-16.602564102564	-16.602564102564	-16.602564102564	-16.602564102564	-16.602564102564	-16.602564102564	-16.602564102564	-16.602564102564	-16.602564102564	-16.602564102564	-16.602564102564	-16.602564102564	-16.602564102564
-15.705128205128	-15.705128205128	-15.705128205128	-15.705128205128	-15.705128205128	-15.705128205128	-15.705128205128	-15.705128205128	-15.705128205128	-15.705128205128	-15.705128205128	-15.705128205128	-15.705128205128	-15.705128205128	-15.705128205128	-15.705128205128	-15.705128205128	-15.705128205128	-15.705128205128	-15.705128205128	-15.705128205128	-15.705128205128	-15.705128205128	-15.705128205128	-15.705128205128	-15.705128205128	-15.705128205128	-15.705128205128	-15.705128205128	-15.705128205128	-15.705128205128	-15.705128205128	-15.705128205128	-15.705128205128	-15.705128205128	-15.705128205128	-15.705128205128	-15.705128205128	-15.705128205128	-15.705128205128
-14.807692307692	-14.807692307692	-14.807692307692	-14.807692307692	-14.807692307692	-14.807692307692	-14.807692307692	-14.807692307692	-14.807692307692	-14.807692307692	-14.807692307692	-14.807692307692	-14.807692307692	-14.807692307692	-14.807692307692	-14.807692307692	-14.807692307692	-14.807692307692	-14.807692307692	-14.807692307692	-14.807692307692	-14.807692307692	-14.807692307692	-14.807692307692	-14.807692307692	-14.807692307692	-14.807692307692	-14.807692307692	-14.807692307692	-14.807692307692	-14.807692307692	-14.807692307692	-14.807692307692	-14.807692307692	-14.807692307692	-14.807692307692	-14.807692307692	-14.807692307692	-14.807692307692	-14.807692307692
-13.910256410256	-13.910256410256	-13.910256410256	-13.910256410256	-13.910256410256	-13.910256410256	-13.910256410256	-13.910256410256	-13.910256410256	-13.910256410256	-13.910256410256	-13.910256410256	-13.910256410256	-13.910256410256	-13.910256410256	-13.910256410256	-13.910256410256	-13.910256410256	-13.910256410256	-13.910256410256	-13.910256410256	-13.910256410256	-13.910256410256	-13.910256410256	-13.910256410256	-13.910256410256	-13.910256410256	-13.910256410256	-13.910256410256	-13.910256410256	-13.910256410256	-13.910256410256	-13.910256410256	-13.910256410256	-13.910256410256	-13.910256410256	-13.910256410256	-13.910256410256	-13.910256410256	-13.910256410256
-13.012820512821	-13.012820512821	-13.012820512821	-13.012820512821	-13.012820512821	-13.012820512821	-13.012820512821	-13.012820512821	-13.012820512821	-13.012820512821	-13.012820512821	-13.012820512821	-13.012820512821	-13.012820512821	-13.012820512821	-13.012820512821	-13.012820512821	-13.012820512821	-13.012820512821	-13.012820512821	-13.012820512821	-13.012820512821	-13.012820512821	-13.012820512821	-13.012820512821	-13.012820512821	-13.012820512821	-13.012820512821	-13.012820512821	-13.012820512821	-13.012820512821	-13.012820512821	-13.012820512821	-13.012820512821	-13.012820512821	-13.012820512821	-13.012820512821	-13.012820512821	-13.012820512821	-13.012820512821
-12.115384615385	-12.115384615385	-12.115384615385	-12.115384615385	-12.115384615385	-12.115384615385	-12.115384615385	-12.115384615385	-12.115384615385	-12.115384615385	-12.115384615385	-12.115384615385	-12.115384615385	-12.115384615385	-12.115384615385	-12.115384615385	-12.115384615385	-12.115384615385	-12.115384615385	-12.115384615385	-12.115384615385	-12.115384615385	-12.115384615385	-12.115384615385	-12.115384615385	-12.115384615385	-12.115384615385	-12.115384615385	-12.115384615385	-12.115384615385	-12.115384615385	-12.115384615385	-12.115384615385	-12.115384615385	-12.115384615385	-12.115384615385	-12.115384615385	-12.115384615385	-12.115384615385	-12.115384615385
-11.217948717949	-11.217948717949	-11.217948717949	-11.217948717949	-11.217948717949	-11.217948717949	-11.217948717949	-11.217948717949	-11.217948717949	-11.217948717949	-11.217948717949	-11.217948717949	-11.217948717949	-11.217948717949	-11.217948717949	-11.217948717949	-11.217948717949	-11.217948717949	-11.217948717949	-11.217948717949	-11.217948717949	-11.217948717949	-11.217948717949	-11.217948717949	-11.217948717949	-11.217948717949	-11.217948717949	-11.217948717949	-11.217948717949	-11.217948717949	-11.217948717949	-11.217948717949	-11.217948717949	-11.217948717949	-11.217948717949	-11.217948717949	-11.217948717949	-11.217948717949	-11.217948717949	-11.217948717949
-10.320512820513	-10.320512820513	-10.320512820513	-10.320512820513	-10.320512820513	-10.320512820513	-10.320512820513	-10.320512820513	-10.320512820513	-10.320512820513	-10.320512820513	-10.320512820513	-10.320512820513	-10.320512820513	-10.320512820513	-10.320512820513	-10.320512820513	-10.320512820513	-10.320512820513	-10.320512820513	-10.320512820513	-10.320512820513	-10.320512820513	-10.320512820513	-10.320512820513	-10.320512820513	-10.320512820513	-10.320512820513	-10.320512820513	-10.320512820513	-10.320512820513	-10.320512820513	-10.320512820513	-10.320512820513	-10.320512820513	-10.320512820513	-10.320512820513	-10.320512820513	-10.320512820513	-10.320512820513
-9.4230769230769	-9.4230769230769	-9.4230769230769	-9.4230769230769	-9.4230769230769	-9.4230769230769	-9.4230769230769	-9.4230769230769	-9.4230769230769	-9.4230769230769	-9.4230769230769	-9.4230769230769	-9.4230769230769	-9.4230769230769	-9.4230769230769	-9.4230769230769	-9.4230769230769	-9.4230769230769	-9.4230769230769	-9.4230769230769	-9.4230769230769	-9.4230769230769	-9.4230769230769	-9.4230769230769	-9.4230769230769	-9.4230769230769	-9.4230769230769	-9.4230769230769	-9.4230769230769	-9.4230769230769	-9.4230769230769	-9.4230769230769	-9.4230769230769	-9.4230769230769	-9.4230769230769	-9.4230769230769	-9.4230769230769	-9.4230769230769	-9.4230769230769	-9.4230769230769
-8.525641025641	-8.525641025641	-8.525641025641	-8.525641025641	-8.525641025641	-8.525641025641	-8.525641025641	-8.525641025641	-8.525641025641	-8.525641025641	-8.525641025641	-8.525641025641	-8.525641025641	-8.525641025641	-8.525641025641	-8.525641025641	-8.525641025641	-8.525641025641	-8.525641025641	-8.525641025641	-8.525641025641	-8.525641025641	-8.525641025641	-8.525641025641	-8.525641025641	-8.525641025641	-8.525641025641	-8.525641025641	-8.525641025641	-8.525641025641	-8.525641025641	-8.525641025641	-8.525641025641	-8.525641025641	-8.525641025641	-8.525641025641	-8.525641025641	-8.525641025641	-8.525641025641	-8.525641025641
-7.6282051282051	-7.6282051282051	-7.6282051282051	-7.6282051282051	-7.6282051282051	-7.6282051282051	-7.6282051282051	-7.6282051282051	-7.6282051282051	-7.6282051282051	-7.6282051282051	-7.6282051282051	-7.6282051282051	-7.6282051282051	-7.6282051282051	-7.6282051282051	-7.6282051282051	-7.6282051282051	-7.6282051282051	-7.6282051282051	-7.6282051282051	-7.6282051282051	-7.6282051282051	-7.6282051282051	-7.6282051282051	-7.6282051282051	-7.6282051282051	-7.6282051282051	-7.6282051282051	-7.6282051282051	-7.6282051282051	-7.6282051282051	-7.6282051282051	-7.6282051282051	-7.6282051282051	-7.6282051282051	-7.6282051282051	-7.6282051282051	-7.6282051282051	-7.6282051282051
-6.7307692307692	-6.7307692307692	-6.7307692307692	-6.7307692307692	-6.7307692307692	-6.7307692307692	-6.7307692307692	-6.7307692307692	-6.7307692307692	-6.7307692307692	-6.7307692307692	-6.7307692307692	-6.7307692307692	-6.7307692307692	-6.7307692307692	-6.7307692307692	-6.7307692307692	-6.7307692307692	-6.7307692307692	-6.7307692307692	-6.7307692307692	-6.7307692307692	-6.7307692307692	-6.7307692307692	-6.7307692307692	-6.7307692307692	-6.7307692307692	-6.7307692307692	-6.7307692307692	-6.7307692307692	-6.7307692307692	-6.7307692307692	-6.7307692307692	-6.7307692307692	-6.7307692307692	-6.7307692307692	-6.7307692307692	-6.7307692307692	-6.7307692307692	-6.7307692307692
-5.8333333333333	-5.8333333333333	-5.8333333333333	-5.8333333333333	-5.8333333333333	-5.8333333333333	-5.8333333333333	-5.8333333333333	-5.8333333333333	-5.8333333333333	-5.8333333333333	-5.8333333333333	-5.8333333333333	-5.8333333333333	-5.8333333333333	-5.8333333333333	-5.8333333333333	-5.8333333333333	-5.8333333333333	-5.8333333333333	-5.8333333333333	-5.8333333333333	-5.8333333333333	-5.8333333333333	-5.8333333333333	-5.8333333333333	-5.8333333333333	-5.8333333333333	-5.8333333333333	-5.8333333333333	-5.8333333333333	-5.8333333333333	-5.8333333333333	-5.8333333333333	-5.8333333333333	-5.8333333333333	-5.8333333333333	-5.8333333333333	-5.8333333333333	-5.8333333333333
-4.9358974358974	-4.9358974358974	-4.9358974358974	-4.9358974358974	-4.9358974358974	-4.9358974358974	-4.9358974358974	-4.9358974358974	-4.9358974358974	-4.9358974358974	-4.9358974358974	-4.9358974358974	-4.9358974358974	-4.9358974358974	-4.9358974358974	-4.9358974358974	-4.9358974358974	-4.9358974358974	-4.9358974358974	-4.9358974358974	-4.9358974358974	-4.9358974358974	-4.9358974358974	-4.9358974358974	-4.9358974358974	-4.9358974358974	-4.9358974358974	-4.9358974358974	-4.9358974358974	-4.9358974358974	-4.9358974358974	-4.9358974358974	-4.9358974358974	-4.9358974358974	-4.9358974358974	-4.9358974358974	-4.9358974358974	-4.9358974358974	-4.9358974358974	-4.9358974358974
-4.0384615384615	-4.0384615384615	-4.0384615384615	-4.0384615384615	-4.0384615384615	-4.0384615384615	-4.0384615384615	-4.0384615384615	-4.0384615384615	-4.0384615384615	-4.0384615384615	-4.0384615384615	-4.0384615384615	-4.0384615384615	-4.0384615384615	-4.0384615384615	-4.0384615384615	-4.0384615384615	-4.0384615384615	-4.0384615384615	-4.0384615384615	-4.0384615384615	-4.0384615384615	-4.0384615384615	-4.0384615384615	-4.0384615384615	-4.0384615384615	-4.0384615384615	-4.0384615384615	-4.0384615384615	-4.0384615384615	-4.0384615384615	-4.0384615384615	-4.0384615384615	-4.0384615384615	-4.0384615384615	-4.0384615384615	-4.0384615384615	-4.0384615384615	-4.0384615384615
-3.1410256410256	-3.1410256410256	-3.1410256410256	-3.1410256410256	-3.1410256410256	-3.1410256410256	-3.1410256410256	-3.1410256410256	-3.1410256410256	-3.1410256410256	-3.1410256410256	-3.1410256410256	-3.1410256410256	-3.1410256410256	-3.1410256410256	-3.1410256410256	-3.1410256410256	-3.1410256410256	-3.1410256410256	-3.1410256410256	-3.1410256410256	-3.1410256410256	-3.1410256410256	-3.1410256410256	-3.1410256410256	-3.1410256410256	-3.1410256410256	-3.1410256410256	-3.1410256410256	-3.1410256410256	-3.1410256410256	-3.1410256410256	-3.1410256410256	-3.1410256410256	-3.1410256410256	-3.1410256410256	-3.1410256410256	-3.1410256410256	-3.1410256410256	-3.1410256410256
-2.2435897435897	-2.2435897435897	-2.2435897435897	-2.2435897435897	-2.2435897435897	-2.2435897435897	-2.2435897435897	-2.2435897435897	-2.2435897435897	-2.2435897435897	-2.2435897435897	-2.2435897435897	-2.2435897435897	-2.2435897435897	-2.2435897435897	-2.2435897435897	-2.2435897435897	-2.2435897435897	-2.2435897435897	-2.2435897435897	-2.2435897435897	-2.2435897435897	-2.2435897435897	-2.2435897435897	-2.2435897435897	-2.2435897435897	-2.2435897435897	-2.2435897435897	-2.2435897435897	-2.2435897435897	-2.2435897435897	-2.2435897435897	-2.2435897435897	-2.2435897435897	-2.2435897435897	-2.2435897435897	-2.2435897435897	-2.2435897435897	-2.2435897435897	-2.2435897435897
-1.3461538461538	-1.3461538461538	-1.3461538461538	-1.3461538461538	-1.3461538461538	-1.3461538461538	-1.3461538461538	-1.3461538461538	-1.3461538461538	-1.3461538461538	-1.3461538461538	-1.3461538461538	-1.3461538461538	-1.3461538461538	-1.3461538461538	-1.3461538461538	-1.3461538461538	-1.3461538461538	-1.3461538461538	-1.3461538461538	-1.3461538461538	-1.3461538461538	-1.3461538461538	-1.3461538461538	-1.3461538461538	-1.3461538461538	-1.3461538461538	-1.3461538461538	-1.3461538461538	-1.3461538461538	-1.3461538461538	-1.3461538461538	-1.3461538461538	-1.3461538461538	-1.3461538461538	-1.3461538461538	-1.3461538461538	-1.3461538461538	-1.3461538461538	-1.3461538461538
-0.44871794871795	-0.44871794871795	-0.44871794871795	-0.44871794871795	-0.44871794871795	-0.44871794871795	-0.44871794871795	-0.44871794871795	-0.44871794871795	-0.44871794871795	-0.44871794871795	-0.44871794871795	-0.44871794871795	-0.44871794871795	-0.44871794871795	-0.44871794871795	-0.44871794871795	-0.44871794871795	-0.44871794871795	-0.44871794871795	-0.44871794871795	-0.44871794871795	-0.44871794871795	-0.44871794871795	-0.44871794871795	-0.44871794871795	-0.44871794871795	-0.44871794871795	-0.44871794871795	-0.44871794871795	-0.44871794871795	-0.44871794871795	-0.44871794871795	-0.44871794871795	-0.44871794871795	-0.44871794871795	-0.44871794871795	-0.44871794871795	-0.44871794871795	-0.44871794871795
0.44871794871795	0.44871794871795	0.44871794871795	0.44871794871795	0.44871794871795	0.44871794871795	0.44871794871795	0.44871794871795	0.44871794871795	0.44871794871795	0.44871794871795	0.44871794871795	0.44871794871795	0.44871794871795	0.44871794871795	0.44871794871795	0.44871794871795	0.44871794871795	0.44871794871795	0.44871794871795	0.44871794871795	0.44871794871795	0.44871794871795	0.44871794871795	0.44871794871795	0.44871794871795	0.44871794871795	0.44871794871795	0.44871794871795	0.44871794871795	0.44871794871795	0.44871794871795	0.44871794871795	0.44871794871795	0.44871794871795	0.44871794871795	0.44871794871795	0.44871794871795	0.44871794871795	0.44871794871795
1.3461538461538	1.3461538461538	1.3461538461538	1.3461538461538	1.3461538461538	1.3461538461538	1.3461538461538	1.3461538461538	1.3461538461538	1.3461538461538	1.3461538461538	1.3461538461538	1.3461538461538	1.3461538461538	1.3461538461538	1.3461538461538	1.3461538461538	1.3461538461538	1.3461538461538	1.3461538461538	1.3461538461538	1.3461538461538	1.3461538461538	1.3461538461538	1.3461538461538	1.3461538461538	1.3461538461538	1.3461538461538	1.3461538461538	1.3461538461538	1.3461538461538	1.3461538461538	1.3461538461538	1.3461538461538	1.3461538461538	1.3461538461538	1.3461538461538	1.3461538461538	1.3461538461538	1.3461538461538
2.2435897435897	2.2435897435897	2.2435897435897	2.2435897435897	2.2435897435897	2.2435897435897	2.2435897435897	2.2435897435897	2.2435897435897	2.2435897435897	2.2435897435897	2.2435897435897	2.2435897435897	2.2435897435897	2.2435897435897	2.2435897435897	2.2435897435897	2.2435897435897	2.2435897435897	2.2435897435897	2.2435897435897	2.2435897435897	2.2435897435897	2.2435897435897	2.2435897435897	2.2435897435897	2.2435897435897	2.2435897435897	2.2435897435897	2.2435897435897	2.2435897435897	2.2435897435897	2.2435897435897	2.2435897435897	2.2435897435897	2.2435897435897	2.2435897435897	2.2435897435897	2.2435897435897	2.2435897435897
3.1410256410256	3.1410256410256	3.1410256410256	3.1410256410256	3.1410256410256	3.1410256410256	3.1410256410256	3.1410256410256	3.1410256410256	3.1410256410256	3.1410256410256	3.1410256410256	3.1410256410256	3.1410256410256	3.1410256410256	3.1410256410256	3.1410256410256	3.1410256410256	3.1410256410256	3.1410256410256	3.1410256410256	3.1410256410256	3.1410256410256	3.1410256410256	3.1410256410256	3.1410256410256	3.1410256410256	3.1410256410256	3.1410256410256	3.1410256410256	3.1410256410256	3.1410256410256	3.1410256410256	3.1410256410256	3.1410256410256	3.1410256410256	3.1410256410256	3.1410256410256	3.1410256410256	3.1410256410256
4.0384615384615	4.0384615384615	4.0384615384615	4.0384615384615	4.0384615384615	4.0384615384615	4.0384615384615	4.0384615384615	4.0384615384615	4.0384615384615	4.0384615384615	4.0384615384615	4.0384615384615	4.0384615384615	4.0384615384615	4.0384615384615	4.0384615384615	4.0384615384615	4.0384615384615	4.0384615384615	4.0384615384615	4.0384615384615	4.0384615384615	4.0384615384615	4.0384615384615	4.0384615384615	4.0384615384615	4.0384615384615	4.0384615384615	4.0384615384615	4.0384615384615	4.0384615384615	4.0384615384615	4.0384615384615	4.0384615384615	4.0384615384615	4.0384615384615	4.0384615384615	4.0384615384615	4.0384615384615
4.9358974358974	4.9358974358974	4.9358974358974	4.9358974358974	4.9358974358974	4.9358974358974	4.9358974358974	4.9358974358974	4.9358974358974	4.9358974358974	4.9358974358974	4.9358974358974	4.9358974358974	4.9358974358974	4.9358974358974	4.9358974358974	4.9358974358974	4.9358974358974	4.9358974358974	4.9358974358974	4.9358974358974	4.9358974358974	4.9358974358974	4.9358974358974	4.9358974358974	4.9358974358974	4.9358974358974	4.9358974358974	4.9358974358974	4.9358974358974	4.9358974358974	4.9358974358974	4.9358974358974	4.9358974358974	4.9358974358974	4.9358974358974	4.9358974358974	4.9358974358974	4.9358974358974	4.9358974358974
5.8333333333333	5.8333333333333	5.8333333333333	5.8333333333333	5.8333333333333	5.8333333333333	5.8333333333333	5.8333333333333	5.8333333333333	5.8333333333333	5.8333333333333	5.8333333333333	5.8333333333333	5.8333333333333	5.8333333333333	5.8333333333333	5.8333333333333	5.8333333333333	5.8333333333333	5.8333333333333	5.8333333333333	5.8333333333333	5.8333333333333	5.8333333333333	5.8333333333333	5.8333333333333	5.8333333333333	5.8333333333333	5.8333333333333	5.8333333333333	5.8333333333333	5.8333333333333	5.8333333333333	5.8333333333333	5.8333333333333	5.8333333333333	5.8333333333333	5.8333333333333	5.8333333333333	5.8333333333333
6.7307692307692	6.7307692307692	6.7307692307692	6.7307692307692	6.7307692307692	6.7307692307692	6.7307692307692	6.7307692307692	6.7307692307692	6.7307692307692	6.7307692307692	6.7307692307692	6.7307692307692	6.7307692307692	6.7307692307692	6.7307692307692	6.7307692307692	6.7307692307692	6.7307692307692	6.7307692307692	6.7307692307692	6.7307692307692	6.7307692307692	6.7307692307692	6.7307692307692	6.7307692307692	6.7307692307692	6.7307692307692	6.7307692307692	6.7307692307692	6.7307692307692	6.7307692307692	6.7307692307692	6.7307692307692	6.7307692307692	6.7307692307692	6.7307692307692	6.7307692307692	6.7307692307692	6.7307692307692
7.6282051282051	7.6282051282051	7.6282051282051	7.6282051282051	7.6282051282051	7.6282051282051	7.6282051282051	7.6282051282051	7.6282051282051	7.6282051282051	7.6282051282051	7.6282051282051	7.6282051282051	7.6282051282051	7.6282051282051	7.6282051282051	7.6282051282051	7.6282051282051	7.6282051282051	7.6282051282051	7.6282051282051	7.6282051282051	7.6282051282051	7.6282051282051	7.6282051282051	7.6282051282051	7.6282051282051	7.6282051282051	7.6282051282051	7.6282051282051	7.6282051282051	7.6282051282051	7.6282051282051	7.6282051282051	7.6282051282051	7.6282051282051	7.6282051282051	7.6282051282051	7.6282051282051	7.6282051282051
8.525641025641	8.525641025641	8.525641025641	8.525641025641	8.525641025641	8.525641025641	8.525641025641	8.525641025641	8.525641025641	8.525641025641	8.525641025641	8.525641025641	8.525641025641	8.525641025641	8.525641025641	8.525641025641	8.525641025641	8.525641025641	8.525641025641	8.525641025641	8.525641025641	8.525641025641	8.525641025641	8.525641025641	8.525641025641	8.525641025641	8.525641025641	8.525641025641	8.525641025641	8.525641025641	8.525641025641	8.525641025641	8.525641025641	8.525641025641	8.525641025641	8.525641025641	8.525641025641	8.525641025641	8.525641025641	8.525641025641
9.4230769230769	9.4230769230769	9.4230769230769	9.4230769230769	9.4230769230769	9.4230769230769	9.4230769230769	9.4230769230769	9.4230769230769	9.4230769230769	9.4230769230769	9.4230769230769	9.4230769230769	9.4230769230769	9.4230769230769	9.4230769230769	9.4230769230769	9.4230769230769	9.4230769230769	9.4230769230769	9.4230769230769	9.4230769230769	9.4230769230769	9.4230769230769	9.4230769230769	9.4230769230769	9.4230769230769	9.4230769230769	9.4230769230769	9.4230769230769	9.4230769230769	9.4230769230769	9.4230769230769	9.4230769230769	9.4230769230769	9.4230769230769	9.4230769230769	9.4230769230769	9.4230769230769	9.4230769230769
10.320512820513	10.320512820513	10.320512820513	10.320512820513	10.320512820513	10.320512820513	10.320512820513	10.320512820513	10.320512820513	10.320512820513	10.320512820513	10.320512820513	10.320512820513	10.320512820513	10.320512820513	10.320512820513	10.320512820513	10.320512820513	10.320512820513	10.320512820513	10.320512820513	10.320512820513	10.320512820513	10.320512820513	10.320512820513	10.320512820513	10.320512820513	10.320512820513	10.320512820513	10.320512820513	10.320512820513	10.320512820513	10.320512820513	10.320512820513	10.320512820513	10.320512820513	10.320512820513	10.320512820513	10.320512820513	10.320512820513
11.217948717949	11.217948717949	11.217948717949	11.217948717949	11.217948717949	11.217948717949	11.217948717949	11.217948717949	11.217948717949	11.217948717949	11.217948717949	11.217948717949	11.217948717949	11.217948717949	11.217948717949	11.217948717949	11.217948717949	11.217948717949	11.217948717949	11.217948717949	11.217948717949	11.217948717949	11.217948717949	11.217948717949	11.217948717949	11.217948717949	11.217948717949	11.217948717949	11.217948717949	11.217948717949	11.217948717949	11.217948717949	11.217948717949	11.217948717949	11.217948717949	11.217948717949	11.217948717949	11.217948717949	11.217948717949	11.217948717949
12.115384615385	12.115384615385	12.115384615385	12.115384615385	12.115384615385	12.115384615385	12.115384615385	12.115384615385	12.115384615385	12.115384615385	12.115384615385	12.115384615385	12.115384615385	12.115384615385	12.115384615385	12.115384615385	12.115384615385	12.115384615385	12.115384615385	12.115384615385	12.115384615385	12.115384615385	12.115384615385	12.115384615385	12.115384615385	12.115384615385	12.115384615385	12.115384615385	12.115384615385	12.115384615385	12.115384615385	12.115384615385	12.115384615385	12.115384615385	12.115384615385	12.115384615385	12.115384615385	12.115384615385	12.115384615385	12.115384615385
13.012820512821	13.012820512821	13.012820512821	13.012820512821	13.012820512821	13.012820512821	13.012820512821	13.012820512821	13.012820512821	13.012820512821	13.012820512821	13.012820512821	13.012820512821	13.012820512821	13.012820512821	13.012820512821	13.012820512821	13.012820512821	13.012820512821	13.012820512821	13.012820512821	13.012820512821	13.012820512821	13.012820512821	13.012820512821	13.012820512821	13.012820512821	13.012820512821	13.012820512821	13.012820512821	13.012820512821	13.012820512821	13.012820512821	13.012820512821	13.012820512821	13.012820512821	13.012820512821	13.012820512821	13.012820512821	13.012820512821
13.910256410256	13.910256410256	13.910256410256	13.910256410256	13.910256410256	13.910256410256	13.910256410256	13.910256410256	13.910256410256	13.910256410256	13.910256410256	13.910256410256	13.910256410256	13.910256410256	13.910256410256	13.910256410256	13.910256410256	13.910256410256	13.910256410256	13.910256410256	13.910256410256	13.910256410256	13.910256410256	13.910256410256	13.910256410256	13.910256410256	13.910256410256	13.910256410256	13.910256410256	13.910256410256	13.910256410256	13.910256410256	13.910256410256	13.910256410256	13.910256410256	13.910256410256	13.910256410256	13.910256410256	13.910256410256	13.910256410256
14.807692307692	14.807692307692	14.807692307692	14.807692307692	14.807692307692	14.807692307692	14.807692307692	14.807692307692	14.807692307692	14.807692307692	14.807692307692	14.807692307692	14.807692307692	14.807692307692	14.807692307692	14.807692307692	14.807692307692	14.807692307692	14.807692307692	14.807692307692	14.807692307692	14.807692307692	14.807692307692	14.807692307692	14.807692307692	14.807692307692	14.807692307692	14.807692307692	14.807692307692	14.807692307692	14.807692307692	14.807692307692	14.807692307692	14.807692307692	14.807692307692	14.807692307692	14.807692307692	14.807692307692	14.807692307692	14.807692307692
15.705128205128	15.705128205128	15.705128205128	15.705128205128	15.705128205128	15.705128205128	15.705128205128	15.705128205128	15.705128205128	15.705128205128	15.705128205128	15.705128205128	15.705128205128	15.705128205128	15.705128205128	15.705128205128	15.705128205128	15.705128205128	15.705128205128	15.705128205128	15.705128205128	15.705128205128	15.705128205128	15.705128205128	15.705128205128	15.705128205128	15.705128205128	15.705128205128	15.705128205128	15.705128205128	15.705128205128	15.705128205128	15.705128205128	15.705128205128	15.705128205128	15.705128205128	15.705128205128	15.705128205128	15.705128205128	15.705128205128
16.602564102564	16.602564102564	16.602564102564	16.602564102564	16.602564102564	16.602564102564	16.602564102564	16.602564102564	16.602564102564	16.602564102564	16.602564102564	16.602564102564	16.602564102564	16.602564102564	16.602564102564	16.602564102564	16.602564102564	16.602564102564	16.602564102564	16.602564102564	16.602564102564	16.602564102564	16.602564102564	16.602564102564	16.602564102564	16.602564102564	16.602564102564	16.602564102564	16.602564102564	16.602564102564	16.602564102564	16.602564102564	16.602564102564	16.602564102564	16.602564102564	16.602564102564	16.602564102564	16.602564102564	16.602564102564	16.602564102564
17.5	17.5	17.5	17.5	17.5	17.5	17.5	17.5	17.5	17.5	17.5	17.5	17.5	17.5	17.5	17.5	17.5	17.5	17.5	17.5	17.5	17.5	17.5	17.5	17.5	17.5	17.5	17.5	17.5	17.5	17.5	17.5	17.5	17.5	17.5	17.5	17.5	17.5	17.5	17.5
