1	50.61188743014
1.0050125313283	-13.192739496001
1.0100250626566	-39.136384074842
1.015037593985	487.29726484206
1.0200501253133	66.032704433076
1.0250626566416	-107.81825815571
1.0300751879699	-3.6100475423362
1.0350877192982	108.74895744137
1.0401002506266	-36.146333544582
1.0451127819549	-10.915679964895
1.0501253132832	-120.08218755731
1.0551378446115	17.69062583179
1.0601503759398	-34.073874289664
1.0651629072682	62.509899875356
1.0701754385965	22.819675010145
1.0751879699248	80.649194295186
1.0802005012531	354.88820698326
1.0852130325815	-8.5348400473997
1.0902255639098	63.582427038778
1.0952380952381	-123.88134608457
1.1002506265664	163.91647950575
1.1052631578947	723.68232704591
1.1102756892231	972.65507752113
1.1152882205514	-63.615336589576
1.1203007518797	73.778754825967
1.125313283208	-130.2361365768
1.1303258145363	20.773824020155
1.1353383458647	293.62114055658
1.140350877193	-293.24020752673
1.1453634085213	-163.01403959886
1.1503759398496	-3.4283463522772
1.1553884711779	105.13610068361
1.1604010025063	22.563006905913
1.1654135338346	-184.00780861707
1.1704260651629	-682.23905032588
1.1754385964912	-10.585467692704
1.1804511278195	-41.848838798988
1.1854636591479	-1556.040475363
1.1904761904762	-183.98110056671
1.1954887218045	-141.63204117953
1.2005012531328	88.05497655303
1.2055137844612	230.48012150485
1.2105263157895	-77.550038269275
1.2155388471178	55.052834797589
1.2205513784461	-41.545668983472
1.2255639097744	-15.521828852011
1.2305764411028	-52.52305483605
1.2355889724311	458.02445020179
1.2406015037594	183.73193574702
1.2456140350877	882.61455770165
1.250626566416	73.151775119349
1.2556390977444	-73.267789743817
1.2606516290727	-7.3629956706965
1.265664160401	50.959932022721
1.2706766917293	2819.963691321
1.2756892230576	11244.34899095
1.280701754386	30406.014590946
1.2857142857143	8.2042813610776
1.2907268170426	-14.13964965502
1.2957393483709	4178.5797348114
1.3007518796992	187.25191603978
1.3057644110276	-51.636784291672
1.3107769423559	12710.076900724
1.3157894736842	-22.141627179314
1.3208020050125	35.156376556702
1.3258145363409	167.19114123681
1.3308270676692	-164.82186403878
1.3358395989975	-14.861238858206
1.3408521303258	72.07711938765
1.3458646616541	38.599706925573
1.3508771929825	15.759585635487
1.3558897243108	99.582696196766
1.3609022556391	205.30035257782
1.3659147869674	-753.22506444308
1.3709273182957	-71.513067299466
1.3759398496241	68.157293983629
1.3809523809524	-89.767421545258
1.3859649122807	55.189675197051
1.390977443609	241.56390695392
1.3959899749373	-4.624081414711
1.4010025062657	-0.16697083194274
1.406015037594	36.790979621539
1.4110275689223	1269.2045403235
1.4160401002506	-33.582284932669
1.4210526315789	13816.032455612
1.4260651629073	2662.6993320908
1.4310776942356	13045.82364743
1.4360902255639	1178.7537936787
1.4411027568922	78.339700354339
1.4461152882206	-277.86977640602
1.4511278195489	381.62042632843
1.4561403508772	69.348388455534
1.4611528822055	10445.382469985
1.4661654135338	326.36125735397
1.4711779448622	243.27068854653
1.4761904761905	155.2272682963
1.4812030075188	503.88796009208
1.4862155388471	31.77680018132
1.4912280701754	17.892680633177
1.4962406015038	213.86557891752
1.5012531328321	-82.026603433762
1.5062656641604	21.295324491171
1.5112781954887	-38.089767627489
1.516290726817	4.1937021845027
1.5213032581454	1696.5296476922
1.5263157894737	454.52656385428
1.531328320802	-16.474703521483
1.5363408521303	13553.515116017
1.5413533834586	212.96522818262
1.546365914787	218.71740716874
1.5513784461153	424.38869066884
1.5563909774436	234.30342361991
1.5614035087719	415.48764080805
1.5664160401003	-8.5535206205268
1.5714285714286	250.51500979486
1.5764411027569	110.32156552167
1.5814536340852	4360.7286859904
1.5864661654135	276.31323948073
1.5914786967419	285.78814184341
1.5964912280702	291.14945062866
1.6015037593985	654.13056950555
1.6065162907268	306.85797164316
1.6115288220551	319.66260277557
1.6165413533835	331.99942169005
1.6215538847118	338.3089152461
1.6265664160401	345.44577143237
1.6315789473684	357.4237312837
1.6365914786967	373.03284584681
1.6416040100251	384.10864847497
1.6466165413534	398.78318898887
1.6516290726817	405.82726572787
1.65664160401	421.54854437574
1.6616541353383	437.39692624741
1.6666666666667	451.44058123635
1.671679197995	468.0537496607
1.6766917293233	488.35192774919
1.6817042606516	501.80432121452
1.6867167919799	515.47053126018
1.6917293233083	538.4830416675
1.6967418546366	575.14598880562
1.7017543859649	573.50750327291
1.7067669172932	597.73100663129
1.7117794486216	625.88603498919
1.7167919799499	644.48065529405
1.7218045112782	675.42566634841
1.7268170426065	699.17618403569
1.7318295739348	749.18068958332
1.7368421052632	774.71982026951
1.7418546365915	798.03499908283
1.7468671679198	851.47852007866
1.7518796992481	880.98000816587
1.7568922305764	898.99689437988
1.7619047619048	970.78082265648
1.7669172932331	1019.2517769768
1.7719298245614	1065.9238459543
1.7769423558897	1072.8047122066
1.781954887218	1198.1035725156
1.7869674185464	1243.2897280678
1.7919799498747	1293.5204981436
1.796992481203	1405.2156080934
1.8020050125313	1466.8278786229
1.8070175438596	1515.8379728036
1.812030075188	1625.9110031529
1.8170426065163	1689.3779991916
1.8220551378446	1813.9529638954
1.8270676691729	1938.4086590192
1.8320802005013	2055.3983327378
1.8370927318296	2219.4623090911
1.8421052631579	2455.8710173486
1.8471177944862	2494.6016052959
1.8521303258145	2676.486877097
1.8571428571429	2773.8701269879
1.8621553884712	3076.2162984909
1.8671679197995	3309.6969491483
1.8721804511278	3679.0255881701
1.8771929824561	3981.8189180713
1.8822055137845	4154.0299490245
1.8872180451128	4760.2512343147
1.8922305764411	4932.8965153399
1.8972431077694	5796.9523434726
1.9022556390977	6071.4827559579
1.9072681704261	6244.6861218718
1.9122807017544	7552.309573569
1.9172932330827	7863.5401277521
1.922305764411	8555.8141218053
1.9273182957393	9482.2197699148
1.9323308270677	10259.596159965
1.937343358396	11809.007880801
1.9423558897243	12924.817689093
1.9473684210526	13868.82603907
1.952380952381	15103.245696985
1.9573934837093	16482.417940317
1.9624060150376	17015.940161299
1.9674185463659	17673.575240614
1.9724310776942	18287.666173597
1.9774436090226	18328.367786844
1.9824561403509	18289.787622946
1.9874686716792	17654.415835528
1.9924812030075	16973.566265867
1.9974937343358	16124.184643872
2.0025062656642	14899.638508409
2.0075187969925	14209.229922547
2.0125313283208	13041.953317195
2.0175438596491	12028.43015303
2.0225563909774	11148.37281984
2.0275689223058	9541.0546907064
2.0325814536341	9236.4923864286
2.0375939849624	8704.3699765576
2.0426065162907	7962.8190557129
2.047619047619	7171.3165284614
2.0526315789474	6434.5692160862
2.0576441102757	5927.8491612874
2.062656641604	5413.0413800726
2.0676691729323	4988.8300306529
2.0726817042607	4684.5043706023
2.077694235589	4242.3450976503
2.0827067669173	4058.0985870769
2.0877192982456	3524.5056129902
2.0927318295739	3454.0036720011
2.0977443609023	3366.436100325
2.1027568922306	3134.0866693175
2.1077694235589	2925.3720174128
2.1127819548872	2746.3793580398
2.1177944862155	2617.7105908586
2.1228070175439	2405.3744211787
2.1278195488722	2279.3693185191
2.1328320802005	2238.5654021939
2.1378446115288	2049.7658602672
2.1428571428571	2021.7407826677
2.1478696741855	1852.6361485854
2.1528822055138	1824.7438448989
2.1578947368421	1696.5519532387
2.1629072681704	1703.3480163037
2.1679197994987	1679.5059170324
2.1729323308271	1519.7333217968
2.1779448621554	1507.3049396013
2.1829573934837	1453.2113627926
2.187969924812	1404.4156048639
2.1929824561404	1340.616451811
2.1979949874687	1298.201230471
2.203007518797	1355.2023457179
2.2080200501253	1223.6805097863
2.2130325814536	1127.0056891891
2.218045112782	1194.7459919274
2.2230576441103	1249.3681168649
2.2280701754386	1096.7958630632
2.2330827067669	1108.2750871495
2.2380952380952	1140.3435960784
2.2431077694236	1089.1065300339
2.2481203007519	1036.6334570109
2.2531328320802	1083.4788697953
2.2581453634085	1177.5927617134
2.2631578947368	909.16707117511
2.2681704260652	1115.566333289
2.2731829573935	1019.6877244931
2.2781954887218	1047.8394357178
2.2832080200501	1097.0080215722
2.2882205513784	1006.8764173499
2.2932330827068	1074.1763545734
2.2982456140351	1080.8610565955
2.3032581453634	1076.4468973565
2.3082706766917	1126.3214927374
2.3132832080201	1089.6545293455
2.3182957393484	1175.4084259933
2.3233082706767	1101.5679127232
2.328320802005	1246.582590127
2.3333333333333	1245.6434170497
2.3383458646617	1331.5852033032
2.34335839599	1301.2387948803
2.3483709273183	1309.9455756069
2.3533834586466	1591.97739169
2.3583959899749	1431.4645283309
2.3634085213033	1556.9622364625
2.3684210526316	1780.1270283326
2.3734335839599	1988.5023123484
2.3784461152882	2072.1824749906
2.3834586466165	2278.3871124813
2.3884711779449	2215.1740518451
2.3934837092732	2554.1428252925
2.3984962406015	2873.0086955921
2.4035087719298	3203.7372813324
2.4085213032581	3338.9718141698
2.4135338345865	3792.0649578871
2.4185463659148	4033.1033620812
2.4235588972431	4203.8400296264
2.4285714285714	4839.4719059019
2.4335839598997	5198.7276153736
2.4385964912281	5714.5026112663
2.4436090225564	6035.4609716729
2.4486215538847	6195.3155997613
2.453634085213	6113.0867143483
2.4586466165414	6512.3666830233
2.4636591478697	6444.1451894004
2.468671679198	6049.4580480071
2.4736842105263	5692.7598183658
2.4786967418546	5665.4136068833
2.483709273183	5262.7053227305
2.4887218045113	5205.5546627367
2.4937343358396	4716.5543344666
2.4987468671679	4175.2372494695
2.5037593984962	4019.6185695191
2.5087719298246	3565.0012648475
2.5137844611529	3243.5088425975
2.5187969924812	3097.3087450675
2.5238095238095	2907.1917313618
2.5288220551378	2477.437080089
2.5338345864662	2367.4852744452
2.5388471177945	2022.231716482
2.5438596491228	1980.2763795352
2.5488721804511	1940.4588046046
2.5538847117794	1740.529022228
2.5588972431078	1506.1264386151
2.5639097744361	1634.1211997225
2.5689223057644	1403.8956697356
2.5739348370927	1350.3060567874
2.5789473684211	1289.5311171307
2.5839598997494	1345.1532727378
2.5889724310777	1065.0133053001
2.593984962406	1127.1277682928
2.5989974937343	1083.151813966
2.6040100250627	1082.7327732728
2.609022556391	937.11003555855
2.6140350877193	929.38493294997
2.6190476190476	846.65940391221
2.6240601503759	801.58027215168
2.6290726817043	837.65841234556
2.6340852130326	669.99408497283
2.6390977443609	790.63363701626
2.6441102756892	606.37823203078
2.6491228070175	682.13065061103
2.6541353383459	705.11343048522
2.6591478696742	678.33524004393
2.6641604010025	626.71207961302
2.6691729323308	646.73481542727
2.6741854636591	590.09202401094
2.6791979949875	596.53057464372
2.6842105263158	553.64968094704
2.6892230576441	545.8605671221
2.6942355889724	539.18834185601
2.6992481203008	516.14854387131
2.7042606516291	533.00478432478
2.7092731829574	548.62416953085
2.7142857142857	463.65557841439
2.719298245614	396.96600360458
2.7243107769424	450.86750731898
2.7293233082707	431.73716282958
2.734335839599	418.44279158638
2.7393483709273	415.13280782574
2.7443609022556	393.58036857554
2.749373433584	381.00132960957
2.7543859649123	379.13410209524
2.7593984962406	399.98070640814
2.7644110275689	371.48531452277
2.7694235588972	371.62666796873
2.7744360902256	334.11364709794
2.7794486215539	345.50560963639
2.7844611528822	338.91669952382
2.7894736842105	329.70122181367
2.7944862155388	310.21162841329
2.7994987468672	319.26766193493
2.8045112781955	312.87725051112
2.8095238095238	301.83117517587
2.8145363408521	294.43279827331
2.8195488721805	294.85837474318
2.8245614035088	289.08724166731
2.8295739348371	284.70025755279
2.8345864661654	268.44706925945
2.8395989974937	267.89503710649
2.8446115288221	264.67094712473
2.8496240601504	259.06107070178
2.8546365914787	258.12827464192
2.859649122807	253.33053491619
2.8646616541353	244.04305629162
2.8696741854637	247.51441298011
2.874686716792	239.19141735142
2.8796992481203	240.537868102
2.8847117794486	231.18902688184
2.8897243107769	229.46146743047
2.8947368421053	224.4831666806
2.8997493734336	220.96779228953
2.9047619047619	216.84651407388
2.9097744360902	217.54543397865
2.9147869674185	209.58155748811
2.9197994987469	208.88045158646
2.9248120300752	205.52276259816
2.9298245614035	199.12031823959
2.9348370927318	203.36993988312
2.9398496240602	205.54240011822
2.9448621553885	198.0482116402
2.9498746867168	191.46488602047
2.9548872180451	193.44901065674
2.9598997493734	182.58082561909
2.9649122807018	184.56727352318
2.9699248120301	182.17391299681
2.9749373433584	179.83978456749
2.9799498746867	177.56188466271
2.984962406015	175.3379308239
2.9899749373434	173.16632509164
2.9949874686717	171.04589865445
3	168.97559249402
