1	33.558137746306
1.0050125313283	34.164494386424
1.0100250626566	34.782620942843
1.015037593985	35.412802297617
1.0200501253133	36.055331932122
1.0250626566416	36.710512237633
1.0300751879699	37.378654839033
1.0350877192982	38.06008093231
1.0401002506266	38.755121636494
1.0451127819549	39.464118360761
1.0501253132832	40.187423187442
1.0551378446115	40.925399271733
1.0601503759398	41.678421258946
1.0651629072682	42.446875720168
1.0701754385965	43.231161607285
1.0751879699248	44.031690728336
1.0802005012531	44.848888244245
1.0852130325815	45.683193188051
1.0902255639098	46.535059007782
1.0952380952381	47.404954134217
1.1002506265664	48.293362574859
1.1052631578947	49.200784535482
1.1102756892231	50.12773707075
1.1152882205514	51.074754765444
1.1203007518797	52.042390447966
1.125313283208	53.031215937868
1.1303258145363	54.041822829274
1.1353383458647	55.074823312164
1.140350877193	56.130851033632
1.1453634085213	57.210562001351
1.1503759398496	58.314635531605
1.1553884711779	59.443775244428
1.1604010025063	60.598710108534
1.1654135338346	61.780195538898
1.1704260651629	62.989014550024
1.1754385964912	64.225978968158
1.1804511278195	65.491930705908
1.1854636591479	66.787743102938
1.1904761904762	68.114322336694
1.1954887218045	69.47260890735
1.2005012531328	70.86357920146
1.2055137844612	72.288247139107
1.2105263157895	73.747665909674
1.2155388471178	75.242929801697
1.2205513784461	76.775176132688
1.2255639097744	78.34558728516
1.2305764411028	79.955392855601
1.2355889724311	81.605871923573
1.2406015037594	83.298355448655
1.2456140350877	85.034228803512
1.250626566416	86.814934451945
1.2556390977444	88.641974781479
1.2606516290727	90.516915100721
1.265664160401	92.441386812495
1.2706766917293	94.417090774593
1.2756892230576	96.4458008609
1.280701754386	98.529367736591
1.2857142857143	100.6697228622
1.2907268170426	102.86888274251
1.2957393483709	105.12895343741
1.3007518796992	107.45213535334
1.3057644110276	109.84072833532
1.3107769423559	112.29713708127
1.3157894736842	114.82387690198
1.3208020050125	117.4235798522
1.3258145363409	120.09900126017
1.3308270676692	122.85302668549
1.3358395989975	125.68867933745
1.3408521303258	128.60912798899
1.3458646616541	131.61769542419
1.3508771929825	134.71786746069
1.3558897243108	137.913302592
1.3609022556391	141.20784229854
1.3659147869674	144.60552208079
1.3709273182957	148.11058327262
1.3759398496241	151.72748569804
1.3809523809524	155.46092124085
1.3859649122807	159.31582840249
1.390977443609	163.29740793091
1.3959899749373	167.41113961111
1.4010025062657	171.66280031622
1.406015037594	176.05848342813
1.4110275689223	180.60461974678
1.4160401002506	185.30800001941
1.4210526315789	190.17579923371
1.4260651629073	195.21560283362
1.4310776942356	200.43543503252
1.4360902255639	205.84378941648
1.4411027568922	211.44966205034
1.4461152882206	217.26258732166
1.4511278195489	223.29267678248
1.4561403508772	229.55066127693
1.4611528822055	236.04793667364
1.4661654135338	242.79661355727
1.4711779448622	249.80957127258
1.4761904761905	257.10051675852
1.4812030075188	264.68404865993
1.4862155388471	272.57572725999
1.4912280701754	280.79215083989
1.4962406015038	289.35103914358
1.5012531328321	298.27132470616
1.5062656641604	307.57325289563
1.5112781954887	317.27849162164
1.516290726817	327.41025178253
1.5213032581454	337.9934196556
1.5263157894737	349.05470258849
1.531328320802	360.62278952316
1.5363408521303	372.72852808287
1.5413533834586	385.40512018004
1.546365914787	398.68833836334
1.5513784461153	412.61676542173
1.5563909774436	427.23206010698
1.5614035087719	442.57925223208
1.5664160401003	458.70707086011
1.5714285714286	475.66830982538
1.5764411027569	493.5202354396
1.5814536340852	512.32504194358
1.5864661654135	532.15036108669
1.5914786967419	553.0698331723
1.5964912280702	575.16374802082
1.6015037593985	598.51976560138
1.6065162907268	623.23372760215
1.6115288220551	649.41057298715
1.6165413533835	677.16537267285
1.6215538847118	706.62450090659
1.6265664160401	737.92696380844
1.6315789473684	771.22590893087
1.6365914786967	806.69034368957
1.6416040100251	844.50709524094
1.6466165413534	884.88304996062
1.6516290726817	928.04771727348
1.65664160401	974.25617038731
1.6616541353383	1023.7924257086
1.6666666666667	1076.9733336254
1.671679197995	1134.1530662169
1.6766917293233	1195.7283026178
1.6817042606516	1262.1442305782
1.6867167919799	1333.9015035792
1.6917293233083	1411.5643170322
1.6967418546366	1495.7697948735
1.7017543859649	1587.2389093538
1.7067669172932	1686.7891917864
1.7117794486216	1795.349529608
1.7167919799499	1913.977383497
1.7218045112782	2043.8787939517
1.7268170426065	2186.4315734003
1.7318295739348	2343.2120869955
1.7368421052632	2516.0259951938
1.7418546365915	2706.9432356945
1.7468671679198	2918.3373162235
1.7518796992481	3152.9286022012
1.7568922305764	3413.8306050321
1.7619047619048	3704.5971406341
1.7669172932331	4029.2663841163
1.7719298245614	4392.3949306677
1.7769423558897	4799.0704715014
1.781954887218	5254.8849239106
1.7869674185464	5765.839991701
1.7919799498747	6338.1433709734
1.796992481203	6977.8358225605
1.8020050125313	7690.168270647
1.8070175438596	8478.6286305981
1.812030075188	9343.5117854277
1.8170426065163	10279.956009058
1.8220551378446	11275.472873054
1.8270676691729	12307.222506518
1.8320802005013	13339.661066229
1.8370927318296	14323.658075107
1.8421052631579	15198.519239334
1.8471177944862	15898.124734329
1.8521303258145	16361.179407206
1.8571428571429	16543.470715571
1.8621553884712	16428.113564147
1.8671679197995	16029.639499064
1.8721804511278	15390.147091385
1.8771929824561	14569.2664628
1.8822055137845	13632.041583967
1.8872180451128	12638.718785066
1.8922305764411	11638.543642027
1.8972431077694	10667.601777229
1.9022556390977	9749.5404072648
1.9072681704261	8897.7742784841
1.9122807017544	8118.0993216284
1.9172932330827	7411.091334756
1.922305764411	6774.0319552297
1.9273182957393	6202.3254368265
1.9323308270677	5690.4738760368
1.937343358396	5232.7104450233
1.9423558897243	4823.386168345
1.9473684210526	4457.1881950058
1.952380952381	4129.2477866982
1.9573934837093	3835.1791043078
1.9624060150376	3571.0766164399
1.9674185463659	3333.4893598213
1.9724310776942	3119.3836363644
1.9774436090226	2926.1012724332
1.9824561403509	2751.3176480924
1.9874686716792	2593.0018377761
1.9924812030075	2449.380037329
1.9974937343358	2318.9027427006
2.0025062656642	2200.2157288013
2.0075187969925	2092.1346445332
2.0125313283208	1993.6229206821
2.0175438596491	1903.7726350347
2.0225563909774	1821.787963878
2.0275689223058	1746.9708516554
2.0325814536341	1678.7085388052
2.0375939849624	1616.4625950724
2.0426065162907	1559.7591114466
2.047619047619	1508.1797172741
2.0526315789474	1461.3531343071
2.0576441102757	1418.9471023816
2.062656641604	1380.6607768623
2.0676691729323	1346.2181563676
2.0726817042607	1315.3636951843
2.077694235589	1287.8616881062
2.0827067669173	1263.5006956842
2.0877192982456	1242.1026594795
2.0927318295739	1223.5337435894
2.0977443609023	1207.7120102247
2.1027568922306	1194.6078249481
2.1077694235589	1184.236506951
2.1127819548872	1176.646661866
2.1177944862155	1171.9090574471
2.1228070175439	1170.1094408832
2.1278195488722	1171.346153492
2.1328320802005	1175.7315821828
2.1378446115288	1183.3959294313
2.1428571428571	1194.4920647228
2.1478696741855	1209.2007591424
2.1528822055138	1227.7360617113
2.1578947368421	1250.3508588147
2.1629072681704	1277.342797048
2.1679197994987	1309.0608031304
2.1729323308271	1345.9124480612
2.1779448621554	1388.3724028818
2.1829573934837	1436.9922317809
2.187969924812	1492.4117669097
2.1929824561404	1555.3723043032
2.1979949874687	1626.731843093
2.203007518797	1707.4825465979
2.2080200501253	1798.7705118625
2.2130325814536	1901.9177596901
2.218045112782	2018.4460477054
2.2230576441103	2150.1015844086
2.2280701754386	2298.8788622047
2.2330827067669	2467.0404551292
2.2380952380952	2657.1274908591
2.2431077694236	2871.952266633
2.2481203007519	3114.5597138822
2.2531328320802	3388.1376904704
2.2581453634085	3695.8471407012
2.2631578947368	4040.5324131321
2.2681704260652	4424.2614624292
2.2731829573935	4847.6405132961
2.2781954887218	5308.8587889375
2.2832080200501	5802.4643583554
2.2882205513784	6317.9761673724
2.2932330827068	6838.6178904014
2.2982456140351	7340.6976560268
2.3032581453634	7794.3520823809
2.3082706766917	8166.3149725304
2.3132832080201	8424.8306437738
2.3182957393484	8545.8065022079
2.3233082706767	8518.2672761599
2.328320802005	8346.9509963813
2.3333333333333	8050.928252235
2.3383458646617	7658.8987135906
2.34335839599	7203.1386872966
2.3483709273183	6714.177759142
2.3533834586466	6217.4084301128
2.3583959899749	5731.7666935214
2.3634085213033	5269.9480176481
2.3684210526316	4839.4476057399
2.3734335839599	4443.8507982583
2.3784461152882	4084.032408824
2.3834586466165	3759.1227807994
2.3884711779449	3467.2212685313
2.3934837092732	3205.8933890677
2.3984962406015	2972.5019498489
2.4035087719298	2764.4180188046
2.4085213032581	2579.1480408974
2.4135338345865	2414.4041627201
2.4185463659148	2268.137284473
2.4235588972431	2138.5465033178
2.4285714285714	2024.0741432567
2.4335839598997	1923.3921763075
2.4385964912281	1835.3832408779
2.4436090225564	1759.1173883573
2.4486215538847	1693.8239027156
2.453634085213	1638.8558701012
2.4586466165414	1593.6435895149
2.4636591478697	1557.6316427969
2.468671679198	1530.1942076327
2.4736842105263	1510.5255028357
2.4786967418546	1497.5094832292
2.483709273183	1489.5876024219
2.4887218045113	1484.6657729959
2.4937343358396	1480.1243633044
2.4987468671679	1472.9992525431
2.5037593984962	1460.3622749288
2.5087719298246	1439.8381376001
2.5137844611529	1410.0925475675
2.5187969924812	1371.0936354314
2.5238095238095	1324.0357296635
2.5288220551378	1270.9726111123
2.5338345864662	1214.3247562909
2.5388471177945	1156.4348009811
2.5438596491228	1099.2733498028
2.5488721804511	1044.3110648978
2.5538847117794	992.51802481028
2.5588972431078	944.43480259444
2.5639097744361	900.26800897854
2.5689223057644	859.98036255153
2.5739348370927	823.36176244059
2.5789473684211	790.07976791214
2.5839598997494	759.71540226835
2.5889724310777	731.79409597172
2.593984962406	705.82162018599
2.5989974937343	681.32990027606
2.6040100250627	657.92799778815
2.609022556391	635.34394222427
2.6140350877193	613.44113124475
2.6190476190476	592.20238618584
2.6240601503759	571.68958046636
2.6290726817043	551.99616089508
2.6340852130326	533.20845978626
2.6390977443609	515.38326456466
2.6441102756892	498.54083124826
2.6491228070175	482.66834990164
2.6541353383459	467.72848588908
2.6591478696742	453.66899628017
2.6641604010025	440.43100849282
2.6691729323308	427.95483178859
2.6741854636591	416.1831731768
2.6791979949875	405.06234678077
2.6842105263158	394.54237395225
2.6892230576441	384.57674472568
2.6942355889724	375.12224108974
2.6992481203008	366.13888127963
2.7042606516291	357.58989477709
2.7092731829574	349.44166411261
2.7142857142857	341.66364294175
2.719298245614	334.22827317271
2.7243107769424	327.11088149624
2.7293233082707	320.28951121159
2.734335839599	313.74467272025
2.7393483709273	307.45903828349
2.7443609022556	301.41712158447
2.749373433584	295.6049723111
2.7543859649123	290.00990267336
2.7593984962406	284.62025531848
2.7644110275689	279.42521726876
2.7694235588972	274.41467973445
2.7744360902256	269.57913936921
2.7794486215539	264.90963352644
2.7844611528822	260.39770057658
2.7894736842105	256.03535627305
2.7944862155388	251.81507827815
2.7994987468672	247.72979291431
2.8045112781955	243.7728604885
2.8095238095238	239.93805761893
2.8145363408521	236.21955650444
2.8195488721805	232.61190191734
2.8245614035088	229.10998698575
2.8295739348371	225.70902876981
2.8345864661654	222.40454441576
2.8395989974937	219.19232841969
2.8446115288221	216.06843131187
2.8496240601504	213.02913990491
2.8546365914787	210.07095913354
2.859649122807	207.19059544077
2.8646616541353	204.38494162316
2.8696741854637	201.65106302723
2.874686716792	198.98618498148
2.8796992481203	196.38768135
2.8847117794486	193.85306409874
2.8897243107769	191.37997377393
2.8947368421053	188.96617080105
2.8997493734336	186.60952752149
2.9047619047619	184.30802089301
2.9097744360902	182.05972578795
2.9147869674185	179.86280883028
2.9197994987469	177.71552271942
2.9248120300752	175.61620099411
2.9298245614035	173.56325319513
2.9348370927318	171.55516038998
2.9398496240602	169.59047102658
2.9448621553885	167.66779708666
2.9498746867168	165.78581051262
2.9548872180451	163.94323988414
2.9598997493734	162.13886732356
2.9649122807018	160.37152561076
2.9699248120301	158.6400954906
2.9749373433584	156.94350315722
2.9799498746867	155.28071790128
2.984962406015	153.65074990736
2.9899749373434	152.05264819004
2.9949874686717	150.48549865805
3	148.94842229711
