1	33.535395756266
1.0050125313283	34.14112605261
1.0100250626566	34.758606709988
1.015037593985	35.388121906261
1.0200501253133	36.029964377698
1.0250626566416	36.68443574177
1.0300751879699	37.351846822757
1.0350877192982	38.032517976072
1.0401002506266	38.726779445237
1.0451127819549	39.434971725215
1.0501253132832	40.157445952951
1.0551378446115	40.894564284119
1.0601503759398	41.64670033149
1.0651629072682	42.414239580613
1.0701754385965	43.197579859862
1.0751879699248	43.997131790749
1.0802005012531	44.813319301217
1.0852130325815	45.64658014184
1.0902255639098	46.4973664114
1.0952380952381	47.366145128738
1.1002506265664	48.253398837265
1.1052631578947	49.159626194277
1.1102756892231	50.085342648264
1.1152882205514	51.031081097227
1.1203007518797	51.997392596636
1.125313283208	52.984847129746
1.1303258145363	53.994034350295
1.1353383458647	55.025564409077
1.140350877193	56.08006884081
1.1453634085213	57.158201418601
1.1503759398496	58.260639117437
1.1553884711779	59.388083111694
1.1604010025063	60.541259793701
1.1654135338346	61.720921879398
1.1704260651629	62.927849546944
1.1754385964912	64.162851643354
1.1804511278195	65.426766954711
1.1854636591479	66.72046554181
1.1904761904762	68.044850110039
1.1954887218045	69.400857540139
1.2005012531328	70.789460383086
1.2055137844612	72.211668550895
1.2105263157895	73.668530989047
1.2155388471178	75.161137527082
1.2205513784461	76.690620792185
1.2255639097744	78.258158215643
1.2305764411028	79.864974173458
1.2355889724311	81.512342244237
1.2406015037594	83.201587584586
1.2456140350877	84.934089444395
1.250626566416	86.71128382535
1.2556390977444	88.534666275992
1.2606516290727	90.405794900578
1.265664160401	92.326293469338
1.2706766917293	94.297854782696
1.2756892230576	96.322244184648
1.280701754386	98.401303302727
1.2857142857143	100.53695405378
1.2907268170426	102.73120281086
1.2957393483709	104.98614491988
1.3007518796992	107.30396941293
1.3057644110276	109.68696406435
1.3107769423559	112.13752077941
1.3157894736842	114.65814129828
1.3208020050125	117.25144323184
1.3258145363409	119.92016658284
1.3308270676692	122.66718062116
1.3358395989975	125.49549120018
1.3408521303258	128.40824865253
1.3458646616541	131.40875612429
1.3508771929825	134.50047849312
1.3558897243108	137.68705195243
1.3609022556391	140.97229419755
1.3659147869674	144.36021534212
1.3709273182957	147.85502961858
1.3759398496241	151.46116789427
1.3809523809524	155.18329111143
1.3859649122807	159.02630468124
1.390977443609	162.99537389666
1.3959899749373	167.09594064594
1.4010025062657	171.33374114496
1.406015037594	175.71482518025
1.4110275689223	180.24557681372
1.4160401002506	184.93273659039
1.4210526315789	189.78342555031
1.4260651629073	194.80517114507
1.4310776942356	200.00593522279
1.4360902255639	205.39414418081
1.4411027568922	210.97872171699
1.4461152882206	216.76912419055
1.4511278195489	222.77537893484
1.4561403508772	229.00812585705
1.4611528822055	235.47866255312
1.4661654135338	242.19899327101
1.4711779448622	249.18188226302
1.4761904761905	256.44091177113
1.4812030075188	263.99054519257
1.4862155388471	271.84619600548
1.4912280701754	280.02430303311
1.4962406015038	288.54241256531
1.5012531328321	297.41926839766
1.5062656641604	306.67491025153
1.5112781954887	316.33078171282
1.516290726817	326.40984881374
1.5213032581454	336.93673024312
1.5263157894737	347.93784059125
1.531328320802	359.44154814163
1.5363408521303	371.47834896005
1.5413533834586	384.08105906911
1.546365914787	397.2850269005
1.5513784461153	411.12836859839
1.5563909774436	425.65222888118
1.5614035087719	440.90107044795
1.5664160401003	456.92299614039
1.5714285714286	473.77010716815
1.5764411027569	491.49890287187
1.5814536340852	510.17072685711
1.5864661654135	529.85226636013
1.5914786967419	550.61611115884
1.5964912280702	572.54138108652
1.6015037593985	595.71443094218
1.6065162907268	620.22964427491
1.6115288220551	646.19032831136
1.6165413533835	673.70972520836
1.6215538847118	702.91215585461
1.6265664160401	733.93431726949
1.6315789473684	766.92675561161
1.6365914786967	802.05554231327
1.6416040100251	839.50418525281
1.6466165413534	879.47581082133
1.6516290726817	922.19566198291
1.65664160401	967.91396085097
1.6616541353383	1016.909198181
1.6666666666667	1069.491917792
1.671679197995	1126.0090804071
1.6766917293233	1186.8491033306
1.6817042606516	1252.447690948
1.6867167919799	1323.2945911949
1.6917293233083	1399.9414361038
1.6967418546366	1483.0108513277
1.7017543859649	1573.2070518606
1.7067669172932	1671.3281732038
1.7117794486216	1778.2806263999
1.7167919799499	1895.0958021292
1.7218045112782	2022.9494891798
1.7268170426065	2163.1843958511
1.7318295739348	2317.3361839978
1.7368421052632	2487.1633959264
1.7418546365915	2674.681587609
1.7468671679198	2882.2017931507
1.7518796992481	3112.3731167063
1.7568922305764	3368.2286369723
1.7619047619048	3653.232801455
1.7669172932331	3971.3268170029
1.7719298245614	4326.9659123065
1.7769423558897	4725.1382444998
1.781954887218	5171.3490241235
1.7869674185464	5671.5443210163
1.7919799498747	6231.9361849678
1.796992481203	6858.6736002524
1.8020050125313	7557.2831578385
1.8070175438596	8331.7827583553
1.812030075188	9183.3607765116
1.8170426065163	10108.531970725
1.8220551378446	11096.764303525
1.8270676691729	12127.764251354
1.8320802005013	13168.949687456
1.8370927318296	14174.10170152
1.8421052631579	15084.588241571
1.8471177944862	15834.501780386
1.8521303258145	16360.087091957
1.8571428571429	16611.878406154
1.8621553884712	16565.858371008
1.8671679197995	16229.286822532
1.8721804511278	15638.673466849
1.8771929824561	14850.84405779
1.8822055137845	13930.869916244
1.8872180451128	12941.09892265
1.8922305764411	11933.914607764
1.8972431077694	10948.690813952
1.9022556390977	10011.962805071
1.9072681704261	9139.4019023576
1.9122807017544	8338.4134779739
1.9172932330827	7610.6292744437
1.922305764411	6953.9617803791
1.9273182957393	6364.1435675157
1.9323308270677	5835.8027417493
1.937343358396	5363.1710715743
1.9423558897243	4940.5233844129
1.9473684210526	4562.4310770927
1.952380952381	4223.892715923
1.9573934837093	3920.3866899145
1.9624060150376	3647.8766515327
1.9674185463659	3402.7900388434
1.9724310776942	3181.9826706864
1.9774436090226	2982.6974761752
1.9824561403509	2802.5221746326
1.9874686716792	2639.348627294
1.9924812030075	2491.3352795494
1.9974937343358	2356.8732935723
2.0025062656642	2234.5565077773
2.0075187969925	2123.1550800949
2.0125313283208	2021.5925318991
2.0175438596491	1928.9258451311
2.0225563909774	1844.3282417033
2.0275689223058	1767.074272437
2.0325814536341	1696.5268520591
2.0375939849624	1632.1258827279
2.0426065162907	1573.3781152447
2.047619047619	1519.8479080444
2.0526315789474	1471.1485808515
2.0576441102757	1426.9341657007
2.062656641604	1386.891593706
2.0676691729323	1350.7337792813
2.0726817042607	1318.1946483608
2.077694235589	1289.0276526917
2.0827067669173	1263.0091720155
2.0877192982456	1239.946828385
2.0927318295739	1219.6902156507
2.0977443609023	1202.1393417083
2.1027568922306	1187.246310931
2.1077694235589	1175.0090210062
2.1127819548872	1165.4597488266
2.1177944862155	1158.6534609256
2.1228070175439	1154.6596283679
2.1278195488722	1153.5588167161
2.1328320802005	1155.4433071952
2.1378446115288	1160.4202449593
2.1428571428571	1168.6159904611
2.1478696741855	1180.1808749975
2.1528822055138	1195.2940420537
2.1578947368421	1214.1683657766
2.1629072681704	1237.0555957409
2.1679197994987	1264.2519400341
2.1729323308271	1296.1043135147
2.1779448621554	1333.0174804001
2.1829573934837	1375.462318186
2.187969924812	1423.985430639
2.1929824561404	1479.2203434577
2.1979949874687	1541.9005128977
2.203007518797	1612.8743683268
2.2080200501253	1693.122571919
2.2130325814536	1783.7775946385
2.218045112782	1886.1455487726
2.2230576441103	2001.7299264122
2.2280701754386	2132.256403501
2.2330827067669	2279.6970560446
2.2380952380952	2446.2910399969
2.2431077694236	2634.5567597141
2.2481203007519	2847.2874666702
2.2531328320802	3087.5176766071
2.2581453634085	3358.4413271624
2.2631578947368	3663.2539221124
2.2681704260652	4004.8803008012
2.2731829573935	4385.5388434611
2.2781954887218	4806.0865716164
2.2832080200501	5265.0976212354
2.2882205513784	5757.6672254979
2.2932330827068	6274.0283895877
2.2982456140351	6798.2390389504
2.3032581453634	7307.4322561177
2.3082706766917	7772.3330299396
2.3132832080201	8159.7357458713
2.3182957393484	8437.1690004082
2.3233082706767	8578.9964433676
2.328320802005	8572.1227712887
2.3333333333333	8419.0960420061
2.3383458646617	8137.2750840245
2.34335839599	7754.4724902921
2.3483709273183	7302.935130717
2.3533834586466	6813.8050666833
2.3583959899749	6313.4198373747
2.3634085213033	5821.7229172472
2.3684210526316	5352.3077924329
2.3734335839599	4913.3815369254
2.3784461152882	4509.0436479317
2.3834586466165	4140.5080257152
2.3884711779449	3807.1043995119
2.3934837092732	3507.0278270623
2.3984962406015	3237.8668237941
2.4035087719298	2996.9585149653
2.4085213032581	2781.6168207257
2.4135338345865	2589.2710971337
2.4185463659148	2417.5436830298
2.4235588972431	2264.2871740079
2.4285714285714	2127.5961743189
2.4335839598997	2005.8036206902
2.4385964912281	1897.4682802465
2.4436090225564	1801.3574367157
2.4486215538847	1716.4268557029
2.453634085213	1641.798610358
2.4586466165414	1576.7360615514
2.4636591478697	1520.6140917971
2.468671679198	1472.8815476848
2.4736842105263	1433.0119445213
2.4786967418546	1400.4383735977
2.483709273183	1374.4703692081
2.4887218045113	1354.1960072376
2.4937343358396	1338.3835685445
2.4987468671679	1325.413654889
2.5037593984962	1313.2890782604
2.5087719298246	1299.7719638701
2.5137844611529	1282.6669508605
2.5187969924812	1260.2017452426
2.5238095238095	1231.3825633023
2.5288220551378	1196.1807664043
2.5338345864662	1155.4719796419
2.5388471177945	1110.7634070865
2.5438596491228	1063.8294073382
2.5488721804511	1016.3828566339
2.5538847117794	969.85801360144
2.5588972431078	925.31712283984
2.5639097744361	883.45148397242
2.5689223057644	844.63491976228
2.5739348370927	808.99397065973
2.5789473684211	776.47257488493
2.5839598997494	746.88166483488
2.5889724310777	719.93338494723
2.593984962406	695.26562544217
2.5989974937343	672.46579277428
2.6040100250627	651.10255621753
2.609022556391	630.76931594366
2.6140350877193	611.13361068593
2.6190476190476	591.97737118372
2.6240601503759	573.21150248506
2.6290726817043	554.8582239358
2.6340852130326	537.00962879723
2.6390977443609	519.78007389375
2.6441102756892	503.26820668637
2.6491228070175	487.53591828327
2.6541353383459	472.60341973192
2.6591478696742	458.45557043531
2.6641604010025	445.0539167583
2.6691729323308	432.34967746675
2.6741854636591	420.29410386315
2.6791979949875	408.844253474
2.6842105263158	397.96418672334
2.6892230576441	387.62321533946
2.6942355889724	377.79332280657
2.6992481203008	368.44725212257
2.7042606516291	359.55772246495
2.7092731829574	351.09749589934
2.7142857142857	343.03979862005
2.719298245614	335.3587424299
2.7243107769424	328.02961621749
2.7293233082707	321.02905621599
2.734335839599	314.33513826588
2.7393483709273	307.9274203414
2.7443609022556	301.7869460616
2.749373433584	295.89621350151
2.7543859649123	290.23911518212
2.7593984962406	284.80085727191
2.7644110275689	279.56786677224
2.7694235588972	274.52769412305
2.7744360902256	269.66891648381
2.7794486215539	264.98104498541
2.7844611528822	260.45443752495
2.7894736842105	256.08021819871
2.7944862155388	251.85020357743
2.7994987468672	247.75683579616
2.8045112781955	243.79312233951
2.8095238095238	239.95258196654
2.8145363408521	236.22919648126
2.8195488721805	232.61736759383
2.8245614035088	229.11187855301
2.8295739348371	225.70785991215
2.8345864661654	222.40075900338
2.8395989974937	219.18631267588
2.8446115288221	216.06052291318
2.8496240601504	213.01963498924
2.8546365914787	210.06011785579
2.859649122807	207.1786465024
2.8646616541353	204.37208605463
2.8696741854637	201.63747740842
2.874686716792	198.9720242259
2.8796992481203	196.37308114195
2.8847117794486	193.83814303863
2.8897243107769	191.36483528181
2.8947368421053	188.95090480971
2.8997493734336	186.59421198644
2.9047619047619	184.29272314051
2.9097744360902	182.04450371803
2.9147869674185	179.84771199245
2.9197994987469	177.7005932735
2.9248120300752	175.60147456885
2.9298245614035	173.54875965236
2.9348370927318	171.54092450818
2.9398496240602	169.57651310968
2.9448621553885	167.65413350573
2.9498746867168	165.77245418892
2.9548872180451	163.93020071771
2.9598997493734	162.12615257605
2.9649122807018	160.35914024334
2.9699248120301	158.62804246592
2.9749373433584	156.93178370599
2.9799498746867	155.26933175867
2.984962406015	153.63969552303
2.9899749373434	152.04192291355
2.9949874686717	150.47509890263
3	148.93834368465
