1	34.050757068842
1.0050125313283	34.676279135525
1.0100250626566	35.369726772991
1.015037593985	35.239940335704
1.0200501253133	36.584333474296
1.0250626566416	36.867398832964
1.0300751879699	37.888394953511
1.0350877192982	38.252544494822
1.0401002506266	39.253728856051
1.0451127819549	40.119601930716
1.0501253132832	41.12215173974
1.0551378446115	41.572862698196
1.0601503759398	42.127567223842
1.0651629072682	43.625576669851
1.0701754385965	44.223562755109
1.0751879699248	44.600323865493
1.0802005012531	45.726421134602
1.0852130325815	46.344241553262
1.0902255639098	47.856599406551
1.0952380952381	48.410699883966
1.1002506265664	49.346713252085
1.1052631578947	50.065882191954
1.1102756892231	51.38141590934
1.1152882205514	51.983567371872
1.1203007518797	52.646737586894
1.125313283208	53.274971941715
1.1303258145363	55.486367274997
1.1353383458647	56.962333049308
1.140350877193	56.657273947293
1.1453634085213	58.47671402727
1.1503759398496	59.302067945043
1.1553884711779	59.927065163198
1.1604010025063	61.647907885432
1.1654135338346	63.117747784639
1.1704260651629	63.786314971862
1.1754385964912	65.627987816642
1.1804511278195	67.021707919905
1.1854636591479	68.51460008341
1.1904761904762	70.589423692146
1.1954887218045	70.253888759211
1.2005012531328	72.771233184889
1.2055137844612	73.529682062944
1.2105263157895	75.938272611351
1.2155388471178	76.315137466138
1.2205513784461	77.941672790242
1.2255639097744	81.320999462378
1.2305764411028	80.651277865205
1.2355889724311	83.645754750685
1.2406015037594	83.58592340803
1.2456140350877	86.402807934912
1.250626566416	89.396061009996
1.2556390977444	90.89852598583
1.2606516290727	91.682061519351
1.265664160401	94.271313553627
1.2706766917293	97.369532151174
1.2756892230576	98.976285944565
1.280701754386	99.949281736807
1.2857142857143	100.31661808134
1.2907268170426	107.08141389968
1.2957393483709	105.85180195275
1.3007518796992	112.17010889296
1.3057644110276	112.16562507074
1.3107769423559	114.93141611559
1.3157894736842	118.00375220436
1.3208020050125	122.84844953263
1.3258145363409	126.33124978926
1.3308270676692	122.90773705399
1.3358395989975	130.55436118431
1.3408521303258	132.89729443385
1.3458646616541	132.87418366908
1.3508771929825	136.60132489917
1.3558897243108	141.06889535683
1.3609022556391	144.15395818774
1.3659147869674	150.74565439757
1.3709273182957	151.89033864215
1.3759398496241	159.4312096018
1.3809523809524	160.34638695633
1.3859649122807	168.05492454059
1.390977443609	167.1953626874
1.3959899749373	171.10231712685
1.4010025062657	176.40322515863
1.406015037594	175.65970324129
1.4110275689223	187.86784180004
1.4160401002506	194.21669446168
1.4210526315789	197.28605701663
1.4260651629073	197.11421638246
1.4310776942356	210.19768040846
1.4360902255639	214.44564336274
1.4411027568922	215.88153831827
1.4461152882206	222.10172404588
1.4511278195489	231.43948557873
1.4561403508772	238.24594337865
1.4611528822055	244.45035886236
1.4661654135338	243.81335784392
1.4711779448622	262.48733433797
1.4761904761905	261.89794060984
1.4812030075188	286.68204403804
1.4862155388471	284.30650314893
1.4912280701754	289.96206801389
1.4962406015038	299.09537886475
1.5012531328321	303.11133288032
1.5062656641604	319.60414125441
1.5112781954887	330.67939129103
1.516290726817	336.56565535622
1.5213032581454	365.68691011517
1.5263157894737	372.78673332317
1.531328320802	375.71578604565
1.5363408521303	389.01391749034
1.5413533834586	400.48464541365
1.546365914787	434.70628986534
1.5513784461153	435.2959483902
1.5563909774436	460.86071073771
1.5614035087719	468.50534707117
1.5664160401003	487.90988804238
1.5714285714286	497.62531923377
1.5764411027569	525.73096896753
1.5814536340852	549.85147079363
1.5864661654135	535.72051722616
1.5914786967419	583.09844428148
1.5964912280702	616.56524358345
1.6015037593985	608.92252010604
1.6065162907268	647.39640978943
1.6115288220551	678.50064968587
1.6165413533835	727.72098313484
1.6215538847118	739.64693462415
1.6265664160401	781.95169756397
1.6315789473684	825.3812345467
1.6365914786967	854.30828531961
1.6416040100251	909.71495425003
1.6466165413534	953.84337475685
1.6516290726817	1020.2753422016
1.65664160401	1054.1460030214
1.6616541353383	1099.535226568
1.6666666666667	1155.0734754505
1.671679197995	1232.1818159161
1.6766917293233	1278.5288590963
1.6817042606516	1353.5567592593
1.6867167919799	1502.688980999
1.6917293233083	1542.0653398618
1.6967418546366	1664.4702779962
1.7017543859649	1703.0568614799
1.7067669172932	1827.8131307057
1.7117794486216	1976.0815165263
1.7167919799499	2223.4887632794
1.7218045112782	2311.7463240817
1.7268170426065	2351.5522216463
1.7318295739348	2623.1368121434
1.7368421052632	2769.0921890514
1.7418546365915	3127.3789452746
1.7468671679198	3245.152319945
1.7518796992481	3618.7180952031
1.7568922305764	3957.7004339974
1.7619047619048	4228.7228990511
1.7669172932331	4603.8548558407
1.7719298245614	5049.4771449309
1.7769423558897	5216.7915423427
1.781954887218	5774.2342906146
1.7869674185464	6589.565939546
1.7919799498747	7692.1149508761
1.796992481203	8195.1019519646
1.8020050125313	8822.8307121188
1.8070175438596	10085.515271341
1.812030075188	11020.051000155
1.8170426065163	11810.533953585
1.8220551378446	13000.471941235
1.8270676691729	14124.029688147
1.8320802005013	14594.678820999
1.8370927318296	15366.728824452
1.8421052631579	15526.347024394
1.8471177944862	16076.7831203
1.8521303258145	16148.52831306
1.8571428571429	15424.077364652
1.8621553884712	15100.343618936
1.8671679197995	14318.835878325
1.8721804511278	13577.1307695
1.8771929824561	12939.170214296
1.8822055137845	11315.540685913
1.8872180451128	10304.927236296
1.8922305764411	9266.7255257389
1.8972431077694	8448.6104130184
1.9022556390977	8344.6423558576
1.9072681704261	6915.8251518105
1.9122807017544	6228.2968417232
1.9172932330827	5924.2328818242
1.922305764411	5440.7779444412
1.9273182957393	5271.1401236948
1.9323308270677	4668.3062973809
1.937343358396	4332.3292867869
1.9423558897243	4147.4526662775
1.9473684210526	3732.0059705699
1.952380952381	3578.9973983979
1.9573934837093	3369.3217774968
1.9624060150376	3097.5299774414
1.9674185463659	2835.7011296346
1.9724310776942	2722.6950686936
1.9774436090226	2527.6191455975
1.9824561403509	2394.2383546477
1.9874686716792	2294.9512983348
1.9924812030075	2195.5686850043
1.9974937343358	1993.6042306449
2.0025062656642	1932.6203561284
2.0075187969925	1903.7487689046
2.0125313283208	1830.0821379081
2.0175438596491	1769.9965989217
2.0225563909774	1701.062044032
2.0275689223058	1634.466759048
2.0325814536341	1560.6453555192
2.0375939849624	1591.0969553136
2.0426065162907	1491.4532324033
2.047619047619	1466.5169086034
2.0526315789474	1450.655160235
2.0576441102757	1384.8465268014
2.062656641604	1378.453910143
2.0676691729323	1347.7698589534
2.0726817042607	1346.4583790671
2.077694235589	1362.5322802785
2.0827067669173	1324.2764556879
2.0877192982456	1304.9958648235
2.0927318295739	1302.8561764127
2.0977443609023	1316.5465741835
2.1027568922306	1313.5504301749
2.1077694235589	1350.6539802475
2.1127819548872	1322.5377800418
2.1177944862155	1357.4572047551
2.1228070175439	1391.9310452283
2.1278195488722	1404.3794374322
2.1328320802005	1465.8527824115
2.1378446115288	1481.483793216
2.1428571428571	1544.1686610996
2.1478696741855	1599.2251543991
2.1528822055138	1673.3688640144
2.1578947368421	1768.867714186
2.1629072681704	1800.3342900235
2.1679197994987	1941.2333827799
2.1729323308271	2061.292783622
2.1779448621554	2166.5641989714
2.1829573934837	2230.579195147
2.187969924812	2478.74115998
2.1929824561404	2666.8276201205
2.1979949874687	2879.9475003988
2.203007518797	3120.8571303195
2.2080200501253	3392.2122764635
2.2130325814536	3696.2631839818
2.218045112782	4034.379837738
2.2230576441103	4406.3588831735
2.2280701754386	4809.4836135273
2.2330827067669	5237.3676499531
2.2380952380952	5678.7353417922
2.2431077694236	6116.4830286767
2.2481203007519	6527.5829904318
2.2531328320802	6884.4957631386
2.2581453634085	7158.5286648086
2.2631578947368	7324.8607316289
2.2681704260652	7367.9355029632
2.2731829573935	7285.2434239322
2.2781954887218	7087.8729791408
2.2832080200501	6797.6076273827
2.2882205513784	6441.8839907129
2.2932330827068	6048.5818998734
2.2982456140351	5642.1615331091
2.3032581453634	5241.6823395881
2.3082706766917	4860.4313124209
2.3132832080201	4506.548293667
2.3182957393484	4184.0713322219
2.3233082706767	3894.0231604483
2.328320802005	3635.3624856262
2.3333333333333	3405.7641370825
2.3383458646617	3202.2570303888
2.34335839599	3021.7507490268
2.3483709273183	2861.4460225115
2.3533834586466	2719.0928124569
2.3583959899749	2593.0682187212
2.3634085213033	2482.2954468147
2.3684210526316	2386.0747311804
2.3734335839599	2303.9068751575
2.3784461152882	2235.3601291323
2.3834586466165	2179.9919438587
2.3884711779449	2137.3140970108
2.3934837092732	2106.7837033752
2.3984962406015	2087.805220715
2.4035087719298	2079.7362245522
2.4085213032581	2081.9019485882
2.4135338345865	2093.6304619745
2.4185463659148	2114.3082258602
2.4235588972431	2143.4285658632
2.4285714285714	2180.5905811826
2.4335839598997	2225.4253784053
2.4385964912281	2277.463839505
2.4436090225564	2335.9734443143
2.4486215538847	2399.766826235
2.453634085213	2466.9617439082
2.4586466165414	2534.7043556515
2.4636591478697	2598.9514022791
2.468671679198	2654.4748042783
2.4736842105263	2695.2319176131
2.4786967418546	2715.1291383858
2.483709273183	2709.0524013955
2.4887218045113	2673.9121122184
2.4937343358396	2609.3909985794
2.4987468671679	2518.1237651385
2.5037593984962	2405.2066055206
2.5087719298246	2277.1898130594
2.5137844611529	2140.9042271344
2.5187969924812	2002.4840798673
2.5238095238095	1866.7908130701
2.5288220551378	1737.2444204132
2.5338345864662	1615.9437923883
2.5388471177945	1503.9301006874
2.5438596491228	1401.4806147271
2.5488721804511	1308.3693339827
2.5538847117794	1224.070389829
2.5588972431078	1147.9034005505
2.5639097744361	1079.130328156
2.5689223057644	1017.0159091654
2.5739348370927	960.86258656669
2.5789473684211	910.02852579411
2.5839598997494	863.93491798216
2.5889724310777	822.06680685608
2.593984962406	783.9702053049
2.5989974937343	749.24721939441
2.6040100250627	717.5501802932
2.609022556391	688.57529102255
2.6140350877193	662.05596494705
2.6190476190476	637.755807421
2.6240601503759	615.46109504504
2.6290726817043	594.97265644166
2.6340852130326	576.09734582025
2.6390977443609	558.63993939709
2.6441102756892	542.39722984881
2.6491228070175	527.15703996502
2.6541353383459	512.70494086878
2.6591478696742	498.83959801759
2.6641604010025	485.3935731873
2.6691729323308	472.25206298941
2.6741854636591	459.36108154568
2.6791979949875	446.72108972377
2.6842105263158	434.36940686528
2.6892230576441	422.35947728419
2.6942355889724	410.74422493404
2.6992481203008	399.56639841041
2.7042606516291	388.85489465295
2.7092731829574	378.62465532568
2.7142857142857	368.87822233764
2.719298245614	359.60796757878
2.7243107769424	350.79854937103
2.7293233082707	342.42932199011
2.734335839599	334.47646995295
2.7393483709273	326.91472779675
2.7443609022556	319.71864337607
2.749373433584	312.86341311092
2.7543859649123	306.32536156893
2.7593984962406	300.08213830144
2.7644110275689	294.11271335528
2.7694235588972	288.39726169723
2.7744360902256	282.91703667905
2.7794486215539	277.65432142708
2.7844611528822	272.59251304199
2.7894736842105	267.71635085395
2.7944862155388	263.01225396318
2.7994987468672	258.46868719378
2.8045112781955	254.07641258663
2.8095238095238	249.82847126854
2.8145363408521	245.71982073807
2.8195488721805	241.74670078129
2.8245614035088	237.90591755779
2.8295739348371	234.19422102199
2.8345864661654	230.60785442856
2.8395989974937	227.14225495087
2.8446115288221	223.79184641052
2.8496240601504	220.54989594885
2.8546365914787	217.40847452004
2.859649122807	214.35863641313
2.8646616541353	211.3909462699
2.8696741854637	208.49639948777
2.874686716792	205.66756665688
2.8796992481203	202.89957828067
2.8847117794486	200.1905084288
2.8897243107769	197.54094677899
2.8947368421053	194.95292176732
2.8997493734336	192.42859545207
2.9047619047619	189.96914072265
2.9097744360902	187.57403351831
2.9147869674185	185.24082032625
2.9197994987469	182.96534283935
2.9248120300752	180.74237982801
2.9298245614035	178.56660375087
2.9348370927318	176.43362213506
2.9398496240602	174.3407551104
2.9448621553885	172.28723936242
2.9498746867168	170.27378458367
2.9548872180451	168.30169871709
2.9598997493734	166.37195621848
2.9649122807018	164.48453488494
2.9699248120301	162.63819143923
2.9749373433584	160.83068819056
2.9799498746867	159.05935749502
2.984962406015	157.32178806166
2.9899749373434	155.61636235348
2.9949874686717	153.94242709674
3	152.30005293077
