1	47.058304521449
1.0050125313283	47.996276552423
1.0100250626566	48.955472039777
1.015037593985	49.936505410456
1.0200501253133	50.940013440383
1.0250626566416	51.966656239302
1.0300751879699	53.017118280672
1.0350877192982	54.092109487353
1.0401002506266	55.192366367511
1.0451127819549	56.318653224886
1.0501253132832	57.471763419744
1.0551378446115	58.652520702275
1.0601503759398	59.861780615027
1.0651629072682	61.100431978754
1.0701754385965	62.369398458301
1.0751879699248	63.669640198482
1.0802005012531	65.002155579721
1.0852130325815	66.367983041844
1.0902255639098	67.768203049834
1.0952380952381	69.203940103649
1.1002506265664	70.676364955071
1.1052631578947	72.186696885242
1.1102756892231	73.736206128024
1.1152882205514	75.32621644862
1.1203007518797	76.958107872761
1.125313283208	78.633319583337
1.1303258145363	80.353352960656
1.1353383458647	82.119774843963
1.140350877193	83.934221005199
1.1453634085213	85.798399775271
1.1503759398496	87.714095943324
1.1553884711779	89.683174945334
1.1604010025063	91.707587178739
1.1654135338346	93.789372737686
1.1704260651629	95.930666427486
1.1754385964912	98.13370300534
1.1804511278195	100.40082288856
1.1854636591479	102.73447819277
1.1904761904762	105.13723917327
1.1954887218045	107.61180108447
1.2005012531328	110.16099158852
1.2055137844612	112.7877785583
1.2105263157895	115.4952784951
1.2155388471178	118.28676559235
1.2205513784461	121.16568130968
1.2255639097744	124.1356447439
1.2305764411028	127.20046370954
1.2355889724311	130.36414664808
1.2406015037594	133.63091538561
1.2456140350877	137.00521893156
1.250626566416	140.49174819475
1.2556390977444	144.09545189567
1.2606516290727	147.82155377046
1.265664160401	151.67557098915
1.2706766917293	155.66333409756
1.2756892230576	159.79100856187
1.280701754386	164.06511801999
1.2857142857143	168.49256942771
1.2907268170426	173.08068035948
1.2957393483709	177.83720842794
1.3007518796992	182.77038332429
1.3057644110276	187.88894159512
1.3107769423559	193.20216430351
1.3157894736842	198.71991807132
1.3208020050125	204.45269981215
1.3258145363409	210.41168528198
1.3308270676692	216.60878222174
1.3358395989975	223.05668827827
1.3408521303258	229.76895431643
1.3458646616541	236.76005369961
1.3508771929825	244.04545814066
1.3558897243108	251.64172092592
1.3609022556391	259.56656825361
1.3659147869674	267.83899952693
1.3709273182957	276.47939790044
1.3759398496241	285.50965186985
1.3809523809524	294.95328955054
1.3859649122807	304.83562686647
1.390977443609	315.18393147683
1.3959899749373	326.02760442334
1.4010025062657	337.39838139292
1.406015037594	349.3305562916
1.4110275689223	361.86122990901
1.4160401002506	375.03058685514
1.4210526315789	388.88220443545
1.4260651629073	403.46339766518
1.4310776942356	418.82560541105
1.4360902255639	435.02482304199
1.4411027568922	452.12208800409
1.4461152882206	470.18402609143
1.4511278195489	489.2834664605
1.4561403508772	509.50013563754
1.4611528822055	530.92144187695
1.4661654135338	553.64336362643
1.4711779448622	577.77145716165
1.4761904761905	603.42200198595
1.4812030075188	630.7233051954
1.4862155388471	659.81718990749
1.4912280701754	690.86069637642
1.4962406015038	724.02803126147
1.5012531328321	759.51280421085
1.5062656641604	797.53060074765
1.5112781954887	838.32194625718
1.516290726817	882.15572867635
1.5213032581454	929.33315777078
1.5263157894737	980.19235272827
1.531328320802	1035.1136697774
1.5363408521303	1094.5258960247
1.5413533834586	1158.9134639988
1.546365914787	1228.8248636824
1.5513784461153	1304.8824618119
1.5563909774436	1387.7939698568
1.5614035087719	1478.3658386328
1.5664160401003	1577.5188955618
1.5714285714286	1686.3065719467
1.5764411027569	1805.9360932476
1.5814536340852	1937.793010442
1.5864661654135	2083.4694106867
1.5914786967419	2244.7960458863
1.5964912280702	2423.8783887714
1.6015037593985	2623.1362145424
1.6065162907268	2845.3455641239
1.6115288220551	3093.6807254291
1.6165413533835	3371.751852906
1.6215538847118	3683.6306759767
1.6265664160401	4033.8518242114
1.6315789473684	4427.3699130867
1.6365914786967	4869.4418313095
1.6416040100251	5365.3889596859
1.6466165413534	5920.1754010657
1.6516290726817	6537.7180271331
1.65664160401	7219.8293810367
1.6616541353383	7964.7013490886
1.6666666666667	8764.8957417452
1.671679197995	9604.961254136
1.6766917293233	10459.08756148
1.6817042606516	11289.63041241
1.6867167919799	12047.755002374
1.6917293233083	12677.497526703
1.6967418546366	13123.770308559
1.7017543859649	13343.073302087
1.7067669172932	13313.633872926
1.7117794486216	13040.909159457
1.7167919799499	12555.977112031
1.7218045112782	11907.604646007
1.7268170426065	11151.47733969
1.7318295739348	10340.512844354
1.7368421052632	9518.6270734467
1.7418546365915	8718.2896616429
1.7468671679198	7960.8973973408
1.7518796992481	7258.6539979613
1.7568922305764	6616.9053948544
1.7619047619048	6036.311209648
1.7669172932331	5514.5913960165
1.7719298245614	5047.8062879093
1.7769423558897	4631.2314320952
1.781954887218	4259.9200871366
1.7869674185464	3929.0424332173
1.7919799498747	3634.0736505878
1.796992481203	3370.8842388087
1.8020050125313	3135.7698474315
1.8070175438596	2925.4455543747
1.812030075188	2737.0207258909
1.8170426065163	2567.9645666931
1.8220551378446	2416.0684776252
1.8270676691729	2279.4087543014
1.8320802005013	2156.3115445363
1.8370927318296	2045.3209721662
1.8421052631579	1945.1707475267
1.8471177944862	1854.7592355366
1.8521303258145	1773.1277783842
1.8571428571429	1699.4419727737
1.8621553884712	1632.9755851114
1.8671679197995	1573.0967798397
1.8721804511278	1519.2563637263
1.8771929824561	1470.9777704103
1.8822055137845	1427.8485417286
1.8872180451128	1389.5130834807
1.8922305764411	1355.6664961714
1.8972431077694	1326.0492926982
1.9022556390977	1300.4428170109
1.9072681704261	1278.6651734823
1.9122807017544	1260.5674629672
1.9172932330827	1246.0301115319
1.922305764411	1234.9590977386
1.9273182957393	1227.2819734467
1.9323308270677	1222.943810344
1.937343358396	1221.9036536567
1.9423558897243	1224.1327149899
1.9473684210526	1229.6161410298
1.952380952381	1238.3601593044
1.9573934837093	1250.4050118754
1.9624060150376	1265.8412913273
1.9674185463659	1284.8245617566
1.9724310776942	1307.5829369033
1.9774436090226	1334.4156402436
1.9824561403509	1365.685384725
1.9874686716792	1401.8101697443
1.9924812030075	1443.2593276126
1.9974937343358	1490.5558800054
2.0025062656642	1544.2847790571
2.0075187969925	1605.105536927
2.0125313283208	1673.7678334078
2.0175438596491	1751.1292727918
2.0225563909774	1838.1750175453
2.0275689223058	1936.0393660374
2.0325814536341	2046.0294485167
2.0375939849624	2169.6511068109
2.0426065162907	2308.6367172522
2.047619047619	2464.9741584062
2.0526315789474	2640.9352102412
2.0576441102757	2839.1002300052
2.062656641604	3062.3736982479
2.0676691729323	3313.9818227476
2.0726817042607	3597.4383257142
2.077694235589	3916.4573358791
2.0827067669173	4274.7825256901
2.0877192982456	4675.8894852305
2.0927318295739	5122.5054189322
2.0977443609023	5615.8814238337
2.1027568922306	6154.7583059528
2.1077694235589	6734.005980875
2.1127819548872	7343.0161290526
2.1177944862155	7964.1140925795
2.1228070175439	8571.5251149245
2.1278195488722	9131.6964689354
2.1328320802005	9605.8289904352
2.1378446115288	9955.0209089723
2.1428571428571	10147.349540021
2.1478696741855	10164.89480795
2.1528822055138	10008.05701738
2.1578947368421	9695.3196406681
2.1629072681704	9258.5976773483
2.1679197994987	8736.1935151159
2.1729323308271	8165.9628070687
2.1779448621554	7580.5055832045
2.1829573934837	7004.8932737612
2.187969924812	6456.463696889
2.1929824561404	5945.8507737686
2.1979949874687	5478.5015382865
2.203007518797	5056.1939482408
2.2080200501253	4678.3182644161
2.2130325814536	4342.8533940766
2.218045112782	4047.0587636229
2.2230576441103	3787.9371008526
2.2280701754386	3562.5283066897
2.2330827067669	3368.0861801148
2.2380952380952	3202.1776219046
2.2431077694236	3062.7325233893
2.2481203007519	2948.0633127202
2.2531328320802	2856.8661349576
2.2581453634085	2788.2103445398
2.2631578947368	2741.5187483194
2.2681704260652	2716.5372491843
2.2731829573935	2713.2886206131
2.2781954887218	2732.0006833833
2.2832080200501	2772.99389498
2.2882205513784	2836.5076839593
2.2932330827068	2922.4402491417
2.2982456140351	3029.9768194248
2.3032581453634	3157.0938026059
2.3082706766917	3299.9620744888
2.3132832080201	3452.3435567629
2.3182957393484	3605.1815101698
2.3233082706767	3746.6929732638
2.328320802005	3863.2933745247
2.3333333333333	3941.4979750376
2.3383458646617	3970.5075865121
2.34335839599	3944.6750898063
2.3483709273183	3864.853080622
2.3533834586466	3738.0210848649
2.3583959899749	3575.3937397321
2.3634085213033	3389.8576221756
2.3684210526316	3193.6715407771
2.3734335839599	2996.9804037075
2.3784461152882	2807.2096622334
2.3834586466165	2629.1067914366
2.3884711779449	2465.1266603406
2.3934837092732	2315.9289876593
2.3984962406015	2180.8664146935
2.4035087719298	2058.4299231499
2.4085213032581	1946.6602902326
2.4135338345865	1843.52894107
2.4185463659148	1747.2580861681
2.4235588972431	1656.5255633645
2.4285714285714	1570.5171703616
2.4335839598997	1488.843982825
2.4385964912281	1411.391053179
2.4436090225564	1338.1697152962
2.4486215538847	1269.2126876552
2.453634085213	1204.5149752352
2.4586466165414	1144.007177242
2.4636591478697	1087.5498166151
2.468671679198	1034.9428267744
2.4736842105263	985.94574699135
2.4786967418546	940.30264207764
2.483709273183	897.76477704836
2.4887218045113	858.10530523892
2.4937343358396	821.12373452141
2.4987468671679	786.64208719045
2.5037593984962	754.49723552699
2.5087719298246	724.53381255232
2.5137844611529	696.60003853496
2.5187969924812	670.54670078412
2.5238095238095	646.22825559345
2.5288220551378	623.50479829595
2.5338345864662	602.2439746708
2.5388471177945	582.3223633582
2.5438596491228	563.62621105287
2.5488721804511	546.05159610031
2.5538847117794	529.50416876537
2.5588972431078	513.89861872621
2.5639097744361	499.15799268919
2.5689223057644	485.21295089627
2.5739348370927	472.00102099582
2.5789473684211	459.46588455732
2.5839598997494	447.55671527308
2.5889724310777	436.22757703511
2.593984962406	425.43688378452
2.5989974937343	415.14691873462
2.6040100250627	405.32340896315
2.609022556391	395.93515012354
2.6140350877193	386.95367594846
2.6190476190476	378.35296757391
2.6240601503759	370.10919755208
2.6290726817043	362.20050449981
2.6340852130326	354.6067943496
2.6390977443609	347.30956484957
2.6441102756892	340.29175033484
2.6491228070175	333.53758416442
2.6541353383459	327.03247661588
2.6591478696742	320.76290624538
2.6641604010025	314.71632308289
2.6691729323308	308.88106216076
2.6741854636591	303.24626616529
2.6791979949875	297.80181607574
2.6842105263158	292.53826887521
2.6892230576441	287.44680148914
2.6942355889724	282.51916025457
2.6992481203008	277.7476152756
2.7042606516291	273.12491914253
2.7092731829574	268.64426950939
2.7142857142857	264.29927513249
2.719298245614	260.08392500128
2.7243107769424	255.99256022092
2.7293233082707	252.01984837612
2.734335839599	248.16076012604
2.7393483709273	244.41054778951
2.7443609022556	240.76472574128
2.749373433584	237.21905243521
2.7543859649123	233.76951389695
2.7593984962406	230.41230854773
2.7644110275689	227.14383323894
2.7694235588972	223.96067037884
2.7744360902256	220.85957605872
2.7794486215539	217.83746908629
2.7844611528822	214.89142083922
2.7894736842105	212.01864588357
2.7944862155388	209.21649327395
2.7994987468672	206.48243848544
2.8045112781955	203.81407592703
2.8095238095238	201.20911197912
2.8145363408521	198.66535852192
2.8195488721805	196.1807269069
2.8245614035088	193.7532223437
2.8295739348371	191.38093866004
2.8345864661654	189.06205341424
2.8395989974937	186.79482333063
2.8446115288221	184.5775800264
2.8496240601504	182.40872602124
2.8546365914787	180.28673099476
2.859649122807	178.21012828313
2.8646616541353	176.17751159222
2.8696741854637	174.18753191407
2.874686716792	172.23889463193
2.8796992481203	170.33035679724
2.8847117794486	168.46072457388
2.8897243107769	166.62885082801
2.8947368421053	164.83363286452
2.8997493734336	163.07401028925
2.9047619047619	161.34896299749
2.9097744360902	159.65750927616
2.9147869674185	157.99870401046
2.9197994987469	156.37163699369
2.9248120300752	154.7754313274
2.9298245614035	153.20924191061
2.9348370927318	151.67225401092
2.9398496240602	150.16368191108
2.9448621553885	148.68276762887
2.9498746867168	147.22877970233
2.9548872180451	145.80101204214
2.9598997493734	144.39878283874
2.9649122807018	143.02143352867
2.9699248120301	141.66832781311
2.9749373433584	140.33885072454
2.9799498746867	139.03240774118
2.984962406015	137.74842394448
2.9899749373434	136.48634321953
2.9949874686717	135.24562749234
3	134.02575600523
