1	33.909602192737
1.0050125313283	34.936812182774
1.0100250626566	34.819771058458
1.015037593985	36.261063866088
1.0200501253133	36.512895047225
1.0250626566416	37.35895031436
1.0300751879699	37.597411160867
1.0350877192982	38.642144359052
1.0401002506266	39.48854024156
1.0451127819549	39.880638613344
1.0501253132832	40.509579025059
1.0551378446115	41.806743458658
1.0601503759398	42.129281042763
1.0651629072682	43.389903264844
1.0701754385965	44.009355930753
1.0751879699248	44.624224437577
1.0802005012531	45.71993418125
1.0852130325815	46.517513138547
1.0902255639098	47.614071826741
1.0952380952381	48.703654636543
1.1002506265664	48.847820577092
1.1052631578947	49.938281081261
1.1102756892231	51.057092902068
1.1152882205514	51.9016554585
1.1203007518797	52.932467680249
1.125313283208	53.992699735177
1.1303258145363	54.900708531905
1.1353383458647	56.068202767109
1.140350877193	57.135737791326
1.1453634085213	58.145987891961
1.1503759398496	59.41339917675
1.1553884711779	60.696273113881
1.1604010025063	61.58741009668
1.1654135338346	62.972767759752
1.1704260651629	64.183753324148
1.1754385964912	65.322351446387
1.1804511278195	66.726104372996
1.1854636591479	67.886877626583
1.1904761904762	69.252085457672
1.1954887218045	70.754280511285
1.2005012531328	72.141204482879
1.2055137844612	73.624839931251
1.2105263157895	75.005986818425
1.2155388471178	76.83063826624
1.2205513784461	78.213871527045
1.2255639097744	79.968789943902
1.2305764411028	81.602133134338
1.2355889724311	83.087543162935
1.2406015037594	84.70418302955
1.2456140350877	86.725277695186
1.250626566416	88.44547456643
1.2556390977444	90.411496002195
1.2606516290727	92.532093558128
1.265664160401	94.563358326524
1.2706766917293	96.420401034271
1.2756892230576	98.511532703083
1.280701754386	100.65992553978
1.2857142857143	102.86762404308
1.2907268170426	105.13676435582
1.2957393483709	107.46957868654
1.3007518796992	109.86840078886
1.3057644110276	112.33567163999
1.3107769423559	114.87394518236
1.3157894736842	117.48589460889
1.3208020050125	120.174319241
1.3258145363409	122.94215156501
1.3308270676692	125.79246490934
1.3358395989975	128.72848169212
1.3408521303258	131.75358201726
1.3458646616541	134.87131290961
1.3508771929825	138.08539860306
1.3558897243108	141.39975073743
1.3609022556391	144.81848014684
1.3659147869674	148.34590888994
1.3709273182957	151.9865833904
1.3759398496241	155.74528842939
1.3809523809524	159.62706218623
1.3859649122807	163.63721274096
1.390977443609	167.78133502638
1.3959899749373	172.06532993014
1.4010025062657	176.49542420496
1.406015037594	181.07819238171
1.4110275689223	185.82058011822
1.4160401002506	190.72992941113
1.4210526315789	195.81400599556
1.4260651629073	201.08102858332
1.4310776942356	206.53970134471
1.4360902255639	212.19924766317
1.4411027568922	218.06944814706
1.4461152882206	224.16068111393
1.4511278195489	230.48396614004
1.4561403508772	237.05101272691
1.4611528822055	243.87427187528
1.4661654135338	250.96699241955
1.4711779448622	258.34328338087
1.4761904761905	266.01818096623
1.4812030075188	274.00772202259
1.4862155388471	282.32902434198
1.4912280701754	291.00037460119
1.4962406015038	300.0413245594
1.5012531328321	309.47279675449
1.5062656641604	319.31719979022
1.5112781954887	329.59855655769
1.516290726817	340.34264295893
1.5213032581454	351.57714361125
1.5263157894737	363.33182118738
1.531328320802	375.6387044943
1.5363408521303	388.53229664411
1.5413533834586	402.04980487493
1.546365914787	416.23139584904
1.5513784461153	431.12047898404
1.5563909774436	446.76402189347
1.5614035087719	463.21290078061
1.5664160401003	480.52229228895
1.5714285714286	498.75210980919
1.5764411027569	517.96749335504
1.5814536340852	538.23935661517
1.5864661654135	559.64500257244
1.5914786967419	582.26881318304
1.5964912280702	606.20302877496
1.6015037593985	631.54862579331
1.6065162907268	658.41630747402
1.6115288220551	686.92762747955
1.6165413533835	717.21626180866
1.6215538847118	749.42945675086
1.6265664160401	783.72967222264
1.6315789473684	820.29646126629
1.6365914786967	859.32861341117
1.6416040100251	901.04660852771
1.6466165413534	945.69543384088
1.6516290726817	993.54781622085
1.65664160401	1044.907947552
1.6616541353383	1100.1157797516
1.6666666666667	1159.5519842585
1.671679197995	1223.6436968733
1.6766917293233	1292.871174231
1.6817042606516	1367.7755201837
1.6867167919799	1448.96767003
1.6917293233083	1537.1388416316
1.6967418546366	1633.0727018983
1.7017543859649	1737.6595389124
1.7067669172932	1851.9127557248
1.7117794486216	1976.9880494311
1.7167919799499	2114.2056636016
1.7218045112782	2265.0761158803
1.7268170426065	2431.3297677365
1.7318295739348	2614.950555063
1.7368421052632	2818.2139737644
1.7418546365915	3043.7291157522
1.7468671679198	3294.4838983427
1.7518796992481	3573.8916111808
1.7568922305764	3885.8352337234
1.7619047619048	4234.7032814623
1.7669172932331	4625.4067466928
1.7719298245614	5063.3604790159
1.7769423558897	5554.4030666585
1.781954887218	6104.6162706537
1.7869674185464	6719.9879841772
1.7919799498747	7405.8418613494
1.796992481203	8165.9369396591
1.8020050125313	9001.1309953695
1.8070175438596	9907.523771083
1.812030075188	10874.085329147
1.8170426065163	11879.97761472
1.8220551378446	12892.128322624
1.8270676691729	13864.078746796
1.8320802005013	14737.5025428
1.8370927318296	15447.674984534
1.8421052631579	15933.112910656
1.8471177944862	16147.60022775
1.8521303258145	16070.79691708
1.8571428571429	15713.204189493
1.8621553884712	15113.315443467
1.8671679197995	14328.271248364
1.8721804511278	13421.921942922
1.8771929824561	12454.38233679
1.8822055137845	11475.420604921
1.8872180451128	10521.920685728
1.8922305764411	9618.3483807188
1.8972431077694	8778.8277198575
1.9022556390977	8009.7136281978
1.9072681704261	7311.9978498045
1.9122807017544	6683.2613101232
1.9172932330827	6119.1202997084
1.922305764411	5614.2272404493
1.9273182957393	5162.9234065982
1.9323308270677	4759.6397026747
1.937343358396	4399.1244768428
1.9423558897243	4076.5578743592
1.9473684210526	3787.5947402008
1.952380952381	3528.3647000754
1.9573934837093	3295.4481375342
1.9624060150376	3085.8400042904
1.9674185463659	2896.9088221279
1.9724310776942	2726.3552269582
1.9774436090226	2572.1724753771
1.9824561403509	2432.6101797255
1.9874686716792	2306.1417229918
1.9924812030075	2191.4354586667
1.9974937343358	2087.3295164164
2.0025062656642	1992.8098950676
2.0075187969925	1906.9915221746
2.0125313283208	1829.1018659295
2.0175438596491	1758.4667583797
2.0225563909774	1694.4980390226
2.0275689223058	1636.6826611098
2.0325814536341	1584.5729025851
2.0375939849624	1537.7773753138
2.0426065162907	1495.952607178
2.047619047619	1458.7951933328
2.0526315789474	1426.0349132969
2.0576441102757	1397.4297514143
2.062656641604	1372.7642754889
2.0676691729323	1351.8527685947
2.0726817042607	1334.5473390288
2.077694235589	1320.7488958802
2.0827067669173	1310.4166432977
2.0877192982456	1303.5716765245
2.0927318295739	1300.2931026787
2.0977443609023	1300.7090941717
2.1027568922306	1304.9874800466
2.1077694235589	1313.3297706385
2.1127819548872	1325.9701803312
2.1177944862155	1343.179191457
2.1228070175439	1365.2703379401
2.1278195488722	1392.6089974629
2.1328320802005	1425.6224713954
2.1378446115288	1464.8111069247
2.1428571428571	1510.7605564394
2.1478696741855	1564.1553818749
2.1528822055138	1625.7942996726
2.1578947368421	1696.6072485553
2.1629072681704	1777.6743740954
2.1679197994987	1870.2467262178
2.1729323308271	1975.7681122819
2.1779448621554	2095.8967963011
2.1829573934837	2232.5247517482
2.187969924812	2387.7903751905
2.1929824561404	2564.078083089
2.1979949874687	2763.9942643191
2.203007518797	2990.3034804669
2.2080200501253	3245.8013342249
2.2130325814536	3533.0907488722
2.218045112782	3854.2183690625
2.2230576441103	4210.1207891761
2.2280701754386	4599.8348197734
2.2330827067669	5019.4572500897
2.2380952380952	5460.9190683038
2.2431077694236	5910.787805041
2.2481203007519	6349.5238560565
2.2531328320802	6751.8203003846
2.2581453634085	7088.6752500371
2.2631578947368	7331.4546711931
2.2681704260652	7457.3278081273
2.2731829573935	7454.4468189956
2.2781954887218	7324.8425295137
2.2832080200501	7083.7710060059
2.2882205513784	6755.8433017966
2.2932330827068	6369.6266887491
2.2982456140351	5952.6763465213
2.3032581453634	5528.2328717167
2.3082706766917	5113.8198923462
2.3132832080201	4721.3010464777
2.3182957393484	4357.7527007451
2.3233082706767	4026.6157056799
2.328320802005	3728.7964025228
2.3333333333333	3463.5677877847
2.3383458646617	3229.2375064258
2.34335839599	3023.6077123833
2.3483709273183	2844.2737139815
2.3533834586466	2688.8111276195
2.3583959899749	2554.8950113817
2.3634085213033	2440.3826127062
2.3684210526316	2343.3752381106
2.3734335839599	2262.258247688
2.3784461152882	2195.709396998
2.3834586466165	2142.6704407322
2.3884711779449	2102.2901739329
2.3934837092732	2073.855960328
2.3984962406015	2056.7291754112
2.4035087719298	2050.2952321336
2.4085213032581	2053.9390511871
2.4135338345865	2067.0560140016
2.4185463659148	2089.0934847361
2.4235588972431	2119.5916881548
2.4285714285714	2158.1797693765
2.4335839598997	2204.5029781388
2.4385964912281	2258.0937728934
2.4436090225564	2318.2127448866
2.4486215538847	2383.6610093618
2.453634085213	2452.5435542548
2.4586466165414	2521.9946177732
2.4636591478697	2587.959554723
2.468671679198	2645.1958931731
2.4736842105263	2687.638180711
2.4786967418546	2709.1575274766
2.483709273183	2704.5929441872
2.4887218045113	2670.8034555161
2.4937343358396	2607.4274797588
2.4987468671679	2517.0735842509
2.5037593984962	2404.835820761
2.5087719298246	2277.2847818594
2.5137844611529	2141.2867900183
2.5187969924812	2003.0175922472
2.5238095238095	1867.3785202574
2.5288220551378	1737.8232495262
2.5338345864662	1616.4765022438
2.5388471177945	1504.3977933356
2.5438596491228	1401.8765315991
2.5488721804511	1308.6942100115
2.5538847117794	1224.3291916368
2.5588972431078	1148.1031682285
2.5639097744361	1079.2788231625
2.5689223057644	1017.1208146162
2.5739348370927	960.93107073937
2.5789473684211	910.06703714205
2.5839598997494	863.94911767005
2.5889724310777	822.06158206895
2.593984962406	783.9497227155
2.5989974937343	749.2149970105
2.6040100250627	717.50916207481
2.609022556391	688.52791683337
2.6140350877193	662.00422690948
2.6190476190476	637.70129150731
2.6240601503759	615.40500539493
2.6290726817043	594.9158204868
2.6340852130326	576.04020725439
2.6390977443609	558.5825488046
2.6441102756892	542.33925576171
2.6491228070175	527.09782602688
2.6541353383459	512.64363632445
2.6591478696742	498.77535765924
2.6641604010025	485.32578847151
2.6691729323308	472.18055169409
2.6741854636591	459.2861700402
2.6791979949875	446.64356666984
2.6842105263158	434.29038765787
2.6892230576441	422.28023264928
2.6942355889724	410.66602388951
2.6992481203008	399.4903853961
2.7042606516291	388.78201031883
2.7092731829574	378.55559942989
2.7142857142857	368.81345519874
2.719298245614	359.54773970062
2.7243107769424	350.74294789565
2.7293233082707	342.37831883909
2.734335839599	334.42996574478
2.7393483709273	326.87258705566
2.7443609022556	319.68071855847
2.749373433584	312.8295603952
2.7543859649123	306.29544783171
2.7593984962406	300.0560416096
2.7644110275689	294.09031759511
2.7694235588972	288.37844608121
2.7744360902256	282.90166108123
2.7794486215539	277.64220993217
2.7844611528822	272.58343957243
2.7894736842105	267.71003244848
2.7944862155388	263.00835814993
2.7994987468672	258.46685524236
2.8045112781955	254.0762951255
2.8095238095238	249.82976639276
2.8145363408521	245.72230213308
2.8195488721805	241.75023032116
2.8245614035088	237.91044045178
2.8295739348371	234.19974815026
2.8345864661654	230.6144366591
2.8395989974937	227.14995335294
2.8446115288221	223.80070102091
2.8496240601504	220.55989474168
2.8546365914787	217.41952774211
2.859649122807	214.37056100859
2.8646616541353	211.40346978873
2.8696741854637	208.50918559907
2.874686716792	205.68026076702
2.8796992481203	202.91185850394
2.8847117794486	200.20212515484
2.8897243107769	197.55173853904
2.8947368421053	194.96280623291
2.8997493734336	192.43754292157
2.9047619047619	189.97714111826
2.9097744360902	187.58106613748
2.9147869674185	185.24683214663
2.9197994987469	182.97024035155
2.9248120300752	180.7460360451
2.9298245614035	178.56887874808
2.9348370927318	176.43438919098
2.9398496240602	174.33992194239
2.9448621553885	172.28475626653
2.9498746867168	170.26963739011
2.9548872180451	168.29589384452
2.9598997493734	166.36450568862
2.9649122807018	164.47544813511
2.9699248120301	162.6274754009
2.9749373433584	160.81835331809
2.9799498746867	159.04542546589
2.984962406015	157.30629632615
2.9899749373434	155.59936271809
2.9949874686717	153.92397996835
3	152.28022167362
