1	46.66312499387
1.0050125313283	48.807481924676
1.0100250626566	48.688775150671
1.015037593985	50.012059300178
1.0200501253133	50.688192570873
1.0250626566416	52.786601579945
1.0300751879699	53.518277128294
1.0350877192982	54.315847606338
1.0401002506266	55.818419381809
1.0451127819549	55.933213295812
1.0501253132832	56.455810485162
1.0551378446115	59.168152508682
1.0601503759398	60.311217433923
1.0651629072682	60.883155130155
1.0701754385965	62.308013360653
1.0751879699248	63.131386179419
1.0802005012531	64.416208247094
1.0852130325815	66.379018308372
1.0902255639098	67.680852533096
1.0952380952381	69.229507413249
1.1002506265664	70.41417728618
1.1052631578947	73.010578443713
1.1102756892231	74.020039598036
1.1152882205514	75.490099537996
1.1203007518797	77.242723817159
1.125313283208	78.6835323113
1.1303258145363	80.50713750868
1.1353383458647	82.413855187199
1.140350877193	84.248917756665
1.1453634085213	85.830548469282
1.1503759398496	87.710503695428
1.1553884711779	90.045355494093
1.1604010025063	91.86517329599
1.1654135338346	93.930657932204
1.1704260651629	96.154893303206
1.1754385964912	98.587138784445
1.1804511278195	100.70385411966
1.1854636591479	103.39853380862
1.1904761904762	105.52709471494
1.1954887218045	107.80788838167
1.2005012531328	110.62396855722
1.2055137844612	113.46291422208
1.2105263157895	115.78481286662
1.2155388471178	118.47179199901
1.2205513784461	121.24756020751
1.2255639097744	124.49211737944
1.2305764411028	127.65235004287
1.2355889724311	130.31263624678
1.2406015037594	134.25268638151
1.2456140350877	137.78583008655
1.250626566416	141.80221658401
1.2556390977444	144.78743807398
1.2606516290727	148.67219530327
1.265664160401	152.53418718732
1.2706766917293	156.3832386186
1.2756892230576	160.54533086829
1.280701754386	164.85584658835
1.2857142857143	169.32182870417
1.2907268170426	173.95074157213
1.2957393483709	178.75050146972
1.3007518796992	183.72950962396
1.3057644110276	188.89668823935
1.3107769423559	194.26151915547
1.3157894736842	199.83408725664
1.3208020050125	205.6251253302
1.3258145363409	211.64606588715
1.3308270676692	217.90909537103
1.3358395989975	224.42721487605
1.3408521303258	231.21430532138
1.3458646616541	238.2851999743
1.3508771929825	245.65576297136
1.3558897243108	253.34297639133
1.3609022556391	261.36503467919
1.3659147869674	269.74145011912
1.3709273182957	278.49316766083
1.3759398496241	287.64269120809
1.3809523809524	297.21422544013
1.3859649122807	307.23382916664
1.390977443609	317.72958789628
1.3959899749373	328.73180392737
1.4010025062657	340.27320667874
1.406015037594	352.38918824037
1.4110275689223	365.11806379703
1.4160401002506	378.501362409
1.4210526315789	392.58415298017
1.4260651629073	407.41540731609
1.4310776942356	423.04840620688
1.4360902255639	439.54119652249
1.4411027568922	456.9571046901
1.4461152882206	475.36531401903
1.4511278195489	494.84151445389
1.4561403508772	515.46863941021
1.4611528822055	537.33769802598
1.4661654135338	560.54871691577
1.4711779448622	585.21181521119
1.4761904761905	611.44841870123
1.4812030075188	639.39265511123
1.4862155388471	669.1929391216
1.4912280701754	701.01379291623
1.4962406015038	735.03792676041
1.5012531328321	771.46864153302
1.5062656641604	810.53258034491
1.5112781954887	852.48291956387
1.516290726817	897.60304131387
1.5213032581454	946.21079856113
1.5263157894737	998.66345886636
1.531328320802	1055.3634536996
1.5363408521303	1116.765061112
1.5413533834586	1183.3822085131
1.546365914787	1255.7975709707
1.5513784461153	1334.6731957605
1.5563909774436	1420.7629124007
1.5614035087719	1514.92683619
1.5664160401003	1618.1482686498
1.5714285714286	1731.5534013615
1.5764411027569	1856.4341403998
1.5814536340852	1994.2744475587
1.5864661654135	2146.7804969198
1.5914786967419	2315.9147081355
1.5964912280702	2503.9335082019
1.6015037593985	2713.4280202888
1.6065162907268	2947.3658592405
1.6115288220551	3209.1306803943
1.6165413533835	3502.5534131785
1.6215538847118	3831.9249913858
1.6265664160401	4201.9743330946
1.6315789473684	4617.7858237743
1.6365914786967	5084.6180456797
1.6416040100251	5607.5680665139
1.6466165413534	6191.0059852209
1.6516290726817	6837.6862967341
1.65664160401	7547.4381213324
1.6616541353383	8315.3698426929
1.6666666666667	9129.6321939787
1.671679197995	9969.0153614531
1.6766917293233	10801.029638586
1.6817042606516	11581.561666332
1.6867167919799	12257.443109921
1.6917293233083	12772.870467344
1.6967418546366	13079.225371748
1.7017543859649	13145.783153529
1.7067669172932	12967.345437794
1.7117794486216	12565.460593577
1.7167919799499	11982.698056313
1.7218045112782	11272.603646092
1.7268170426065	10489.337343334
1.7318295739348	9680.0704793058
1.7368421052632	8881.2060551041
1.7418546365915	8117.8373450532
1.7468671679198	7405.1805599222
1.7518796992481	6750.804683549
1.7568922305764	6156.8835398056
1.7619047619048	5622.0930720723
1.7669172932331	5143.0459777461
1.7719298245614	4715.2964475021
1.7769423558897	4334.0009115579
1.781954887218	3994.3264815713
1.7869674185464	3691.6855910367
1.7919799498747	3421.8562740342
1.796992481203	3181.0304695854
1.8020050125313	2965.8192699552
1.8070175438596	2773.2337747245
1.812030075188	2600.6536416008
1.8170426065163	2445.7905854092
1.8220551378446	2306.6511458499
1.8270676691729	2181.5011358803
1.8320802005013	2068.8329830328
1.8370927318296	1967.3364474729
1.8421052631579	1875.8728106119
1.8471177944862	1793.4523582469
1.8521303258145	1719.214916792
1.8571428571429	1652.4131094235
1.8621553884712	1592.3980292295
1.8671679197995	1538.6070128328
1.8721804511278	1490.5532383087
1.8771929824561	1447.8168985378
1.8822055137845	1410.0377261692
1.8872180451128	1376.9086554272
1.8922305764411	1348.1704467792
1.8972431077694	1323.6070784753
1.9022556390977	1303.0417285159
1.9072681704261	1286.3331476096
1.9122807017544	1273.3722118226
1.9172932330827	1264.0784734567
1.922305764411	1258.3965721685
1.9273182957393	1256.292582905
1.9323308270677	1257.7507777845
1.937343358396	1262.7718643063
1.9423558897243	1271.3744184606
1.9473684210526	1283.6013863743
1.952380952381	1299.5324732085
1.9573934837093	1319.3007403558
1.9624060150376	1343.1088655403
1.9674185463659	1371.2396366082
1.9724310776942	1404.0578847776
1.9774436090226	1442.005763865
1.9824561403509	1485.5966077803
1.9874686716792	1535.4125307069
1.9924812030075	1592.1084333768
1.9974937343358	1656.4224463391
2.0025062656642	1729.1914886168
2.0075187969925	1811.3704927101
2.0125313283208	1904.0543224
2.0175438596491	2008.5018868904
2.0225563909774	2126.1621836261
2.0275689223058	2258.7019442844
2.0325814536341	2408.0340578589
2.0375939849624	2576.3451040617
2.0426065162907	2766.1189100178
2.047619047619	2980.1507382921
2.0526315789474	3221.5433802141
2.0576441102757	3493.6713239502
2.062656641604	3800.0920211313
2.0676691729323	4144.3736176872
2.0726817042607	4529.7965063523
2.077694235589	4958.8737009104
2.0827067669173	5432.6270692175
2.0877192982456	5949.5639178254
2.0927318295739	6504.3404279306
2.0977443609023	7086.201955481
2.1027568922306	7677.4797042804
2.1077694235589	8252.6900279753
2.1127819548872	8779.0320081422
2.1177944862155	9219.092154618
2.1228070175439	9536.0623048151
2.1278195488722	9700.6743932948
2.1328320802005	9697.7937507061
2.1378446115288	9530.1150519145
2.1428571428571	9217.3559669162
2.1478696741855	8791.3449198653
2.1528822055138	8289.1186415604
2.1578947368421	7746.5185743435
2.1629072681704	7193.8871868155
2.1679197994987	6654.1993866765
2.1729323308271	6143.0897897749
2.1779448621554	5669.9578118204
2.1829573934837	5239.4569416984
2.187969924812	4852.9357365177
2.1929824561404	4509.6312878368
2.1979949874687	4207.5671321935
2.203007518797	3944.1837928211
2.2080200501253	3716.7577540191
2.2130325814536	3522.6660574466
2.218045112782	3359.544597531
2.2230576441103	3225.3762649801
2.2280701754386	3118.5341024326
2.2330827067669	3037.7956902217
2.2380952380952	2982.337763404
2.2431077694236	2951.7142526195
2.2481203007519	2945.8155393628
2.2531328320802	2964.8012694918
2.2581453634085	3008.9930298775
2.2631578947368	3078.7066199484
2.2681704260652	3173.9975822877
2.2731829573935	3294.2912497756
2.2781954887218	3437.876299492
2.2832080200501	3601.2696895718
2.2882205513784	3778.5245258881
2.2932330827068	3960.6580646691
2.2982456140351	4135.5046502907
2.3032581453634	4288.3731727901
2.3082706766917	4403.7820095767
2.3132832080201	4468.1544945775
2.3182957393484	4472.7754368888
2.3233082706767	4415.9012078953
2.328320802005	4303.0985560444
2.3333333333333	4145.6746211842
2.3383458646617	3957.9301406351
2.34335839599	3754.3272057478
2.3483709273183	3547.3936187852
2.3533834586466	3346.6365430647
2.3583959899749	3158.3042165773
2.3634085213033	2985.6697304075
2.3684210526316	2829.5536673566
2.3734335839599	2688.925687149
2.3784461152882	2561.5307622947
2.3834586466165	2444.5247478999
2.3884711779449	2335.0747437849
2.3934837092732	2230.828095828
2.3984962406015	2130.1505672059
2.4035087719298	2032.1129891159
2.4085213032581	1936.3164183332
2.4135338345865	1842.6957033402
2.4185463659148	1751.3928170728
2.4235588972431	1662.6991047414
2.4285714285714	1577.013261971
2.4335839598997	1494.7777447662
2.4385964912281	1416.400844768
2.4436090225564	1342.1936744099
2.4486215538847	1272.3395800788
2.453634085213	1206.8921634932
2.4586466165414	1145.7892038218
2.4636591478697	1088.8738283179
2.468671679198	1035.920207527
2.4736842105263	986.66238335712
2.4786967418546	940.82292265242
2.483709273183	898.13649103009
2.4887218045113	858.36406002377
2.4937343358396	821.29639630307
2.4987468671679	786.74923486431
2.5037593984962	754.55484133283
2.5087719298246	724.55437099194
2.5137844611529	696.59335401583
2.5187969924812	670.52045813087
2.5238095238095	646.18845443751
2.5288220551378	623.45609406702
2.5338345864662	602.18995092199
2.5388471177945	582.26575093654
2.5438596491228	563.56906435097
2.5488721804511	545.99543479805
2.5538847117794	529.45009162376
2.5588972431078	513.84739475119
2.5639097744361	499.11013403035
2.5689223057644	485.16877102161
2.5739348370927	471.96068107852
2.5789473684211	459.42943033673
2.5839598997494	447.52410622739
2.5889724310777	436.19870953042
2.593984962406	425.41160917626
2.5989974937343	415.12505762256
2.6040100250627	405.30476221723
2.609022556391	395.91950742446
2.6140350877193	386.94082234685
2.6190476190476	378.34268838276
2.6240601503759	370.10128200813
2.6290726817043	362.19474844293
2.6340852130326	354.60300206171
2.6390977443609	347.30755031893
2.6441102756892	340.29133802501
2.6491228070175	333.53860941642
2.6541353383459	327.03478576077
2.6591478696742	320.76635652054
2.6641604010025	314.72078237379
2.6691729323308	308.88640865043
2.6741854636591	303.25238788157
2.6791979949875	297.80861040557
2.6842105263158	292.54564204192
2.6892230576441	287.45466801146
2.6942355889724	282.52744241712
2.6992481203008	277.7562425937
2.7042606516291	273.13382784115
2.7092731829574	268.65340201931
2.7142857142857	264.30857962881
2.719298245614	260.09335493828
2.7243107769424	256.00207390278
2.7293233082707	252.02940857136
2.734335839599	248.1703336627
2.7393483709273	244.42010523837
2.7443609022556	240.77424106135
2.749373433584	237.22850269446
2.7543859649123	233.77887896655
2.7593984962406	230.42157087185
2.7644110275689	227.15297757693
2.7694235588972	223.96968359143
2.7744360902256	220.86844691939
2.7794486215539	217.84618807391
2.7844611528822	214.89997998728
2.7894736842105	212.02703862034
2.7944862155388	209.2247142781
2.7994987468672	206.49048356724
2.8045112781955	203.82194189144
2.8095238095238	201.21679653422
2.8145363408521	198.6728601822
2.8195488721805	196.1880448997
2.8245614035088	193.76035652205
2.8295739348371	191.38788944312
2.8345864661654	189.06882171092
2.8395989974937	186.80141047749
2.8446115288221	184.58398774318
2.8496240601504	182.41495635865
2.8546365914787	180.29278628591
2.859649122807	178.21601110404
2.8646616541353	176.18322472832
2.8696741854637	174.19307832508
2.874686716792	172.24427742246
2.8796992481203	170.33557919644
2.8847117794486	168.46578990118
2.8897243107769	166.63376248053
2.8947368421053	164.83839429646
2.8997493734336	163.07862499287
2.9047619047619	161.35343448782
2.9097744360902	159.6618410837
2.9147869674185	158.00289966109
2.9197994987469	156.37570000407
2.9248120300752	154.77936519258
2.9298245614035	153.2130500989
2.9348370927318	151.67593995526
2.9398496240602	150.1672490027
2.9448621553885	148.68621921312
2.9498746867168	147.23211907222
2.9548872180451	145.80424243625
2.9598997493734	144.40190743884
2.9649122807018	143.02445545559
2.9699248120301	141.67125012478
2.9749373433584	140.34167641371
2.9799498746867	139.03513973685
2.984962406015	137.75106510755
2.9899749373434	136.4888963436
2.9949874686717	135.2480953038
3	134.02814116194
