   2.5000000e+00  -5.9073971e-02   4.5718310e-04
   2.5050125e+00  -5.9187757e-02   4.6938891e-04
   2.5100251e+00  -5.9302107e-02   4.8164033e-04
   2.5150376e+00  -5.9417037e-02   4.9393709e-04
   2.5200501e+00  -5.9532569e-02   5.0627840e-04
   2.5250627e+00  -5.9648728e-02   5.1866291e-04
   2.5300752e+00  -5.9765542e-02   5.3108868e-04
   2.5350877e+00  -5.9883046e-02   5.4355311e-04
   2.5401003e+00  -6.0001275e-02   5.5605298e-04
   2.5451128e+00  -6.0120274e-02   5.6858430e-04
   2.5501253e+00  -6.0240087e-02   5.8114233e-04
   2.5551378e+00  -6.0360766e-02   5.9372149e-04
   2.5601504e+00  -6.0482367e-02   6.0631525e-04
   2.5651629e+00  -6.0604951e-02   6.1891612e-04
   2.5701754e+00  -6.0728582e-02   6.3151549e-04
   2.5751880e+00  -6.0853333e-02   6.4410357e-04
   2.5802005e+00  -6.0979278e-02   6.5666925e-04
   2.5852130e+00  -6.1106500e-02   6.6920003e-04
   2.5902256e+00  -6.1235087e-02   6.8168183e-04
   2.5952381e+00  -6.1365131e-02   6.9409889e-04
   2.6002506e+00  -6.1496734e-02   7.0643361e-04
   2.6052632e+00  -6.1630000e-02   7.1866636e-04
   2.6102757e+00  -6.1765044e-02   7.3077536e-04
   2.6152882e+00  -6.1901987e-02   7.4273644e-04
   2.6203008e+00  -6.2040955e-02   7.5452286e-04
   2.6253133e+00  -6.2182087e-02   7.6610512e-04
   2.6303258e+00  -6.2325525e-02   7.7745067e-04
   2.6353383e+00  -6.2471391e-02   7.8852537e-04
   2.6403509e+00  -6.2619698e-02   7.9929913e-04
   2.6453634e+00  -6.2770431e-02   8.0974512e-04
   2.6503759e+00  -6.2923567e-02   8.1983941e-04
   2.6553885e+00  -6.3079074e-02   8.2956134e-04
   2.6604010e+00  -6.3236909e-02   8.3889385e-04
   2.6654135e+00  -6.3397021e-02   8.4782378e-04
   2.6704261e+00  -6.3559349e-02   8.5634219e-04
   2.6754386e+00  -6.3723820e-02   8.6444457e-04
   2.6804511e+00  -6.3890351e-02   8.7213116e-04
   2.6854637e+00  -6.4058846e-02   8.7940711e-04
   2.6904762e+00  -6.4229199e-02   8.8628272e-04
   2.6954887e+00  -6.4401290e-02   8.9277360e-04
   2.7005013e+00  -6.4574988e-02   8.9890081e-04
   2.7055138e+00  -6.4750148e-02   9.0469101e-04
   2.7105263e+00  -6.4926612e-02   9.1017653e-04
   2.7155388e+00  -6.5104211e-02   9.1539544e-04
   2.7205514e+00  -6.5282758e-02   9.2039159e-04
   2.7255639e+00  -6.5462057e-02   9.2521461e-04
   2.7305764e+00  -6.5641895e-02   9.2991985e-04
   2.7355890e+00  -6.5822046e-02   9.3456833e-04
   2.7406015e+00  -6.6002271e-02   9.3922661e-04
   2.7456140e+00  -6.6182318e-02   9.4396661e-04
   2.7506266e+00  -6.6361918e-02   9.4886542e-04
   2.7556391e+00  -6.6540866e-02   9.5399693e-04
   2.7606516e+00  -6.6719153e-02   9.5941495e-04
   2.7656642e+00  -6.6896815e-02   9.6516838e-04
   2.7706767e+00  -6.7073897e-02   9.7130487e-04
   2.7756892e+00  -6.7250454e-02   9.7787088e-04
   2.7807018e+00  -6.7426548e-02   9.8491187e-04
   2.7857143e+00  -6.7602254e-02   9.9247240e-04
   2.7907268e+00  -6.7777652e-02   1.0005963e-03
   2.7957393e+00  -6.7952835e-02   1.0093267e-03
   2.8007519e+00  -6.8127902e-02   1.0187064e-03
   2.8057644e+00  -6.8302964e-02   1.0287777e-03
   2.8107769e+00  -6.8478137e-02   1.0395828e-03
   2.8157895e+00  -6.8653552e-02   1.0511639e-03
   2.8208020e+00  -6.8829343e-02   1.0635633e-03
   2.8258145e+00  -6.9005658e-02   1.0768236e-03
   2.8308271e+00  -6.9182652e-02   1.0909879e-03
   2.8358396e+00  -6.9360490e-02   1.1061000e-03
   2.8408521e+00  -6.9539348e-02   1.1222043e-03
   2.8458647e+00  -6.9719411e-02   1.1393466e-03
   2.8508772e+00  -6.9900874e-02   1.1575736e-03
   2.8558897e+00  -7.0083943e-02   1.1769337e-03
   2.8609023e+00  -7.0268836e-02   1.1974767e-03
   2.8659148e+00  -7.0455781e-02   1.2192545e-03
   2.8709273e+00  -7.0645019e-02   1.2423211e-03
   2.8759398e+00  -7.0836802e-02   1.2667327e-03
   2.8809524e+00  -7.1031396e-02   1.2925481e-03
   2.8859649e+00  -7.1229028e-02   1.3198040e-03
   2.8909774e+00  -7.1429814e-02   1.3484790e-03
   2.8959900e+00  -7.1633856e-02   1.3785416e-03
   2.9010025e+00  -7.1841261e-02   1.4099569e-03
   2.9060150e+00  -7.2052139e-02   1.4426866e-03
   2.9110276e+00  -7.2266604e-02   1.4766894e-03
   2.9160401e+00  -7.2484775e-02   1.5119198e-03
   2.9210526e+00  -7.2706774e-02   1.5483287e-03
   2.9260652e+00  -7.2932729e-02   1.5858625e-03
   2.9310777e+00  -7.3162772e-02   1.6244635e-03
   2.9360902e+00  -7.3397040e-02   1.6640691e-03
   2.9411028e+00  -7.3635675e-02   1.7046116e-03
   2.9461153e+00  -7.3878825e-02   1.7460182e-03
   2.9511278e+00  -7.4126644e-02   1.7882103e-03
   2.9561404e+00  -7.4379291e-02   1.8311035e-03
   2.9611529e+00  -7.4636931e-02   1.8746069e-03
   2.9661654e+00  -7.4899736e-02   1.9186229e-03
   2.9711779e+00  -7.5167884e-02   1.9630470e-03
   2.9761905e+00  -7.5441561e-02   2.0077669e-03
   2.9812030e+00  -7.5720958e-02   2.0526625e-03
   2.9862155e+00  -7.6006276e-02   2.0976051e-03
   2.9912281e+00  -7.6297722e-02   2.1424572e-03
   2.9962406e+00  -7.6595510e-02   2.1870715e-03
   3.0012531e+00  -7.6899865e-02   2.2312911e-03
   3.0062657e+00  -7.7210929e-02   2.2749987e-03
   3.0112782e+00  -7.7528680e-02   2.3181679e-03
   3.0162907e+00  -7.7853064e-02   2.3607834e-03
   3.0213033e+00  -7.8184015e-02   2.4028296e-03
   3.0263158e+00  -7.8521454e-02   2.4442913e-03
   3.0313283e+00  -7.8865290e-02   2.4851540e-03
   3.0363409e+00  -7.9215416e-02   2.5254038e-03
   3.0413534e+00  -7.9571711e-02   2.5650276e-03
   3.0463659e+00  -7.9934035e-02   2.6040139e-03
   3.0513784e+00  -8.0302236e-02   2.6423522e-03
   3.0563910e+00  -8.0676141e-02   2.6800340e-03
   3.0614035e+00  -8.1055558e-02   2.7170523e-03
   3.0664160e+00  -8.1440277e-02   2.7534026e-03
   3.0714286e+00  -8.1830068e-02   2.7890824e-03
   3.0764411e+00  -8.2224679e-02   2.8240920e-03
   3.0814536e+00  -8.2623836e-02   2.8584342e-03
   3.0864662e+00  -8.3027242e-02   2.8921151e-03
   3.0914787e+00  -8.3434578e-02   2.9251438e-03
   3.0964912e+00  -8.3845498e-02   2.9575330e-03
   3.1015038e+00  -8.4259633e-02   2.9892989e-03
   3.1065163e+00  -8.4676585e-02   3.0204617e-03
   3.1115288e+00  -8.5095934e-02   3.0510455e-03
   3.1165414e+00  -8.5517227e-02   3.0810788e-03
   3.1215539e+00  -8.5939992e-02   3.1105948e-03
   3.1265664e+00  -8.6363974e-02   3.1396656e-03
   3.1315789e+00  -8.6789329e-02   3.1684265e-03
   3.1365915e+00  -8.7216268e-02   3.1970276e-03
   3.1416040e+00  -8.7645020e-02   3.2256287e-03
   3.1466165e+00  -8.8075836e-02   3.2543993e-03
   3.1516291e+00  -8.8508985e-02   3.2835194e-03
   3.1566416e+00  -8.8944759e-02   3.3131794e-03
   3.1616541e+00  -8.9383469e-02   3.3435805e-03
   3.1666667e+00  -8.9825450e-02   3.3749352e-03
   3.1716792e+00  -9.0271056e-02   3.4074677e-03
   3.1766917e+00  -9.0720668e-02   3.4414144e-03
   3.1817043e+00  -9.1174689e-02   3.4770243e-03
   3.1867168e+00  -9.1633544e-02   3.5145601e-03
   3.1917293e+00  -9.2097689e-02   3.5542984e-03
   3.1967419e+00  -9.2567601e-02   3.5965307e-03
   3.2017544e+00  -9.3043786e-02   3.6415645e-03
   3.2067669e+00  -9.3526780e-02   3.6897241e-03
   3.2117794e+00  -9.4017147e-02   3.7413516e-03
   3.2167920e+00  -9.4515481e-02   3.7968088e-03
   3.2218045e+00  -9.5022408e-02   3.8564776e-03
   3.2268170e+00  -9.5538589e-02   3.9207626e-03
   3.2318296e+00  -9.6064719e-02   3.9900920e-03
   3.2368421e+00  -9.6601529e-02   4.0649202e-03
   3.2418546e+00  -9.7149791e-02   4.1457293e-03
   3.2468672e+00  -9.7710315e-02   4.2330323e-03
   3.2518797e+00  -9.8283946e-02   4.3273701e-03
   3.2568922e+00  -9.8871226e-02   4.4291000e-03
   3.2619048e+00  -9.9472224e-02   4.5382901e-03
   3.2669173e+00  -1.0008696e-01   4.6549820e-03
   3.2719298e+00  -1.0071546e-01   4.7792115e-03
   3.2769424e+00  -1.0135770e-01   4.9110074e-03
   3.2819549e+00  -1.0201368e-01   5.0503903e-03
   3.2869674e+00  -1.0268336e-01   5.1973708e-03
   3.2919799e+00  -1.0336669e-01   5.3519486e-03
   3.2969925e+00  -1.0406360e-01   5.5141105e-03
   3.3020050e+00  -1.0477401e-01   5.6838292e-03
   3.3070175e+00  -1.0549781e-01   5.8610614e-03
   3.3120301e+00  -1.0623487e-01   6.0457460e-03
   3.3170426e+00  -1.0698504e-01   6.2378024e-03
   3.3220551e+00  -1.0774815e-01   6.4371282e-03
   3.3270677e+00  -1.0852399e-01   6.6435978e-03
   3.3320802e+00  -1.0931235e-01   6.8570595e-03
   3.3370927e+00  -1.1011296e-01   7.0773340e-03
   3.3421053e+00  -1.1092556e-01   7.3042116e-03
   3.3471178e+00  -1.1174981e-01   7.5374501e-03
   3.3521303e+00  -1.1258538e-01   7.7767722e-03
   3.3571429e+00  -1.1343188e-01   8.0218634e-03
   3.3621554e+00  -1.1428892e-01   8.2723689e-03
   3.3671679e+00  -1.1515603e-01   8.5278913e-03
   3.3721805e+00  -1.1603274e-01   8.7880004e-03
   3.3771930e+00  -1.1691919e-01   9.0526228e-03
   3.3822055e+00  -1.1781627e-01   9.3221663e-03
   3.3872180e+00  -1.1872497e-01   9.5971066e-03
   3.3922306e+00  -1.1964636e-01   9.8779642e-03
   3.3972431e+00  -1.2058158e-01   1.0165307e-02
   3.4022556e+00  -1.2153183e-01   1.0459753e-02
   3.4072682e+00  -1.2249841e-01   1.0761977e-02
   3.4122807e+00  -1.2348268e-01   1.1072708e-02
   3.4172932e+00  -1.2448610e-01   1.1392742e-02
   3.4223058e+00  -1.2551021e-01   1.1722940e-02
   3.4273183e+00  -1.2655666e-01   1.2064239e-02
   3.4323308e+00  -1.2762721e-01   1.2417655e-02
   3.4373434e+00  -1.2872369e-01   1.2784290e-02
   3.4423559e+00  -1.2984810e-01   1.3165342e-02
   3.4473684e+00  -1.3100252e-01   1.3562111e-02
   3.4523810e+00  -1.3218920e-01   1.3976014e-02
   3.4573935e+00  -1.3341050e-01   1.4408591e-02
   3.4624060e+00  -1.3466895e-01   1.4861518e-02
   3.4674185e+00  -1.3596726e-01   1.5336628e-02
   3.4724311e+00  -1.3730828e-01   1.5835918e-02
   3.4774436e+00  -1.3869510e-01   1.6361575e-02
   3.4824561e+00  -1.4013097e-01   1.6915994e-02
   3.4874687e+00  -1.4161938e-01   1.7501800e-02
   3.4924812e+00  -1.4316409e-01   1.8121880e-02
   3.4974937e+00  -1.4476908e-01   1.8779412e-02
   3.5025063e+00  -1.4643855e-01   1.9477830e-02
   3.5075188e+00  -1.4817488e-01   2.0219299e-02
   3.5125313e+00  -1.4997842e-01   2.1004452e-02
   3.5175439e+00  -1.5184934e-01   2.1833767e-02
   3.5225564e+00  -1.5378773e-01   2.2707600e-02
   3.5275689e+00  -1.5579355e-01   2.3626157e-02
   3.5325815e+00  -1.5786664e-01   2.4589464e-02
   3.5375940e+00  -1.6000670e-01   2.5597323e-02
   3.5426065e+00  -1.6221326e-01   2.6649279e-02
   3.5476190e+00  -1.6448568e-01   2.7744570e-02
   3.5526316e+00  -1.6682312e-01   2.8882080e-02
   3.5576441e+00  -1.6922453e-01   3.0060288e-02
   3.5626566e+00  -1.7168865e-01   3.1277211e-02
   3.5676692e+00  -1.7421392e-01   3.2530340e-02
   3.5726817e+00  -1.7679855e-01   3.3816582e-02
   3.5776942e+00  -1.7944045e-01   3.5132186e-02
   3.5827068e+00  -1.8213720e-01   3.6472677e-02
   3.5877193e+00  -1.8488603e-01   3.7832781e-02
   3.5927318e+00  -1.8768384e-01   3.9206353e-02
   3.5977444e+00  -1.9052710e-01   4.0586300e-02
   3.6027569e+00  -1.9341185e-01   4.1964514e-02
   3.6077694e+00  -1.9633367e-01   4.3331799e-02
   3.6127820e+00  -1.9928762e-01   4.4677813e-02
   3.6177945e+00  -2.0226818e-01   4.5991007e-02
   3.6228070e+00  -2.0526972e-01   4.7259202e-02
   3.6278195e+00  -2.0829480e-01   4.8480141e-02
   3.6328321e+00  -2.1135403e-01   4.9661733e-02
   3.6378446e+00  -2.1445938e-01   5.0813888e-02
   3.6428571e+00  -2.1762409e-01   5.1948316e-02
   3.6478697e+00  -2.2086276e-01   5.3078631e-02
   3.6528822e+00  -2.2419154e-01   5.4220488e-02
   3.6578947e+00  -2.2762828e-01   5.5391771e-02
   3.6629073e+00  -2.3119271e-01   5.6612842e-02
   3.6679198e+00  -2.3490669e-01   5.7906871e-02
   3.6729323e+00  -2.3879442e-01   5.9300254e-02
   3.6779449e+00  -2.4288274e-01   6.0823175e-02
   3.6829574e+00  -2.4720139e-01   6.2510314e-02
   3.6879699e+00  -2.5178338e-01   6.4401777e-02
   3.6929825e+00  -2.5666530e-01   6.6544280e-02
   3.6979950e+00  -2.6188766e-01   6.8992688e-02
   3.7030075e+00  -2.6749525e-01   7.1811996e-02
   3.7080201e+00  -2.7353736e-01   7.5079915e-02
   3.7130326e+00  -2.8006791e-01   7.8890216e-02
   3.7180451e+00  -2.8714524e-01   8.3357122e-02
   3.7230576e+00  -2.9483137e-01   8.8621058e-02
   3.7280702e+00  -3.0319035e-01   9.4856211e-02
   3.7330827e+00  -3.1228496e-01   1.0228048e-01
   3.7380952e+00  -3.2217060e-01   1.1116853e-01
   3.7431078e+00  -3.3288180e-01   1.2186496e-01
   3.7481203e+00  -3.4437642e-01   1.3475007e-01
   3.7531328e+00  -3.5651384e-01   1.5024491e-01
   3.7581454e+00  -3.6904241e-01   1.6884351e-01
   3.7631579e+00  -3.8154689e-01   1.9110438e-01
   3.7681704e+00  -3.9337927e-01   2.1761721e-01
   3.7731830e+00  -4.0357989e-01   2.4892688e-01
   3.7781955e+00  -4.1081041e-01   2.8539181e-01
   3.7832080e+00  -4.1334794e-01   3.2696104e-01
   3.7882206e+00  -4.0921974e-01   3.7289225e-01
   3.7932331e+00  -3.9655665e-01   4.2151382e-01
   3.7982456e+00  -3.7414964e-01   4.7022444e-01
   3.8032581e+00  -3.4199745e-01   5.1590566e-01
   3.8082707e+00  -3.0149025e-01   5.5568500e-01
   3.8132832e+00  -2.5502835e-01   5.8766905e-01
   3.8182957e+00  -2.0527896e-01   6.1122986e-01
   3.8233083e+00  -1.5451294e-01   6.2676729e-01
   3.8283208e+00  -1.0430581e-01   6.3521448e-01
   3.8333333e+00  -5.5582815e-02   6.3759368e-01
   3.8383459e+00  -8.8329450e-03   6.3476377e-01
   3.8433584e+00   3.5661091e-02   6.2734878e-01
   3.8483709e+00   7.7652476e-02   6.1577986e-01
   3.8533835e+00   1.1683733e-01   6.0038759e-01
   3.8583960e+00   1.5283103e-01   5.8150136e-01
   3.8634085e+00   1.8519692e-01   5.5952923e-01
   3.8684211e+00   2.1350708e-01   5.3500295e-01
   3.8734336e+00   2.3742326e-01   5.0857827e-01
   3.8784461e+00   2.5684273e-01   4.8095522e-01
   3.8834586e+00   2.7186523e-01   4.5281356e-01
   3.8884712e+00   2.8272204e-01   4.2478251e-01
   3.8934837e+00   2.8975311e-01   3.9740455e-01
   3.8984962e+00   2.9337420e-01   3.7111293e-01
   3.9035088e+00   2.9404121e-01   3.4622407e-01
   3.9085213e+00   2.9221771e-01   3.2294257e-01
   3.9135338e+00   2.8834932e-01   3.0137472e-01
   3.9185464e+00   2.8284616e-01   2.8154651e-01
   3.9235589e+00   2.7607280e-01   2.6342272e-01
   3.9285714e+00   2.6834430e-01   2.4692474e-01
   3.9335840e+00   2.5992671e-01   2.3194585e-01
   3.9385965e+00   2.5104043e-01   2.1836353e-01
   3.9436090e+00   2.4186500e-01   2.0604881e-01
   3.9486216e+00   2.3254466e-01   1.9487298e-01
   3.9536341e+00   2.2319375e-01   1.8471221e-01
   3.9586466e+00   2.1390178e-01   1.7545040e-01
   3.9636591e+00   2.0473796e-01   1.6698084e-01
   3.9686717e+00   1.9575507e-01   1.5920697e-01
   3.9736842e+00   1.8699266e-01   1.5204239e-01
   3.9786967e+00   1.7847975e-01   1.4541066e-01
   3.9837093e+00   1.7023700e-01   1.3924464e-01
   3.9887218e+00   1.6227844e-01   1.3348580e-01
   3.9937343e+00   1.5461368e-01   1.2808514e-01
   3.9987469e+00   1.4725459e-01   1.2301397e-01
   4.0037594e+00   1.4021095e-01   1.1825255e-01
   4.0087719e+00   1.3348724e-01   1.1378168e-01
   4.0137845e+00   1.2708357e-01   1.0958291e-01
   4.0187970e+00   1.2099660e-01   1.0563873e-01
   4.0238095e+00   1.1522025e-01   1.0193264e-01
   4.0288221e+00   1.0974635e-01   9.8449195e-02
   4.0338346e+00   1.0456519e-01   9.5174050e-02
   4.0388471e+00   9.9665928e-02   9.2093892e-02
   4.0438596e+00   9.5037014e-02   8.9196415e-02
   4.0488722e+00   9.0666447e-02   8.6470273e-02
   4.0538847e+00   8.6542033e-02   8.3905016e-02
   4.0588972e+00   8.2651572e-02   8.1491031e-02
   4.0639098e+00   7.8983007e-02   7.9219488e-02
   4.0689223e+00   7.5524537e-02   7.7082278e-02
   4.0739348e+00   7.2264699e-02   7.5071962e-02
   4.0789474e+00   6.9192434e-02   7.3181717e-02
   4.0839599e+00   6.6297123e-02   7.1405298e-02
   4.0889724e+00   6.3568618e-02   6.9736985e-02
   4.0939850e+00   6.0997254e-02   6.8171554e-02
   4.0989975e+00   5.8573851e-02   6.6704238e-02
   4.1040100e+00   5.6289716e-02   6.5330699e-02
   4.1090226e+00   5.4136631e-02   6.4046998e-02
   4.1140351e+00   5.2106839e-02   6.2849574e-02
   4.1190476e+00   5.0193030e-02   6.1735221e-02
   4.1240602e+00   4.8388054e-02   6.0700568e-02
   4.1290727e+00   4.6683435e-02   5.9739120e-02
   4.1340852e+00   4.5070804e-02   5.8843631e-02
   4.1390977e+00   4.3542702e-02   5.8007644e-02
   4.1441103e+00   4.2092470e-02   5.7225388e-02
   4.1491228e+00   4.0714159e-02   5.6491684e-02
   4.1541353e+00   3.9402445e-02   5.5801870e-02
   4.1591479e+00   3.8152558e-02   5.5151736e-02
   4.1641604e+00   3.6960222e-02   5.4537463e-02
   4.1691729e+00   3.5821603e-02   5.3955580e-02
   4.1741855e+00   3.4733259e-02   5.3402923e-02
   4.1791980e+00   3.3692101e-02   5.2876597e-02
   4.1842105e+00   3.2695355e-02   5.2373948e-02
   4.1892231e+00   3.1740534e-02   5.1892534e-02
   4.1942356e+00   3.0825407e-02   5.1430107e-02
   4.1992481e+00   2.9947971e-02   5.0984589e-02
   4.2042607e+00   2.9106437e-02   5.0554055e-02
   4.2092732e+00   2.8299201e-02   5.0136719e-02
   4.2142857e+00   2.7524829e-02   4.9730922e-02
   4.2192982e+00   2.6782044e-02   4.9335115e-02
   4.2243108e+00   2.6069705e-02   4.8947853e-02
   4.2293233e+00   2.5386798e-02   4.8567785e-02
   4.2343358e+00   2.4732420e-02   4.8193643e-02
   4.2393484e+00   2.4105771e-02   4.7824236e-02
   4.2443609e+00   2.3506051e-02   4.7458606e-02
   4.2493734e+00   2.2932012e-02   4.7096796e-02
   4.2543860e+00   2.2382281e-02   4.6739158e-02
   4.2593985e+00   2.1855552e-02   4.6385997e-02
   4.2644110e+00   2.1350583e-02   4.6037566e-02
   4.2694236e+00   2.0866191e-02   4.5694080e-02
   4.2744361e+00   2.0401250e-02   4.5355715e-02
   4.2794486e+00   1.9954687e-02   4.5022616e-02
   4.2844612e+00   1.9525480e-02   4.4694897e-02
   4.2894737e+00   1.9112655e-02   4.4372646e-02
   4.2944862e+00   1.8715283e-02   4.4055928e-02
   4.2994987e+00   1.8332478e-02   4.3744788e-02
   4.3045113e+00   1.7963395e-02   4.3439252e-02
   4.3095238e+00   1.7607225e-02   4.3139330e-02
   4.3145363e+00   1.7263198e-02   4.2845018e-02
   4.3195489e+00   1.6930574e-02   4.2556299e-02
   4.3245614e+00   1.6608649e-02   4.2273146e-02
   4.3295739e+00   1.6296745e-02   4.1995519e-02
   4.3345865e+00   1.5994216e-02   4.1723373e-02
   4.3395990e+00   1.5700440e-02   4.1456652e-02
   4.3446115e+00   1.5414822e-02   4.1195296e-02
   4.3496241e+00   1.5136790e-02   4.0939235e-02
   4.3546366e+00   1.4865794e-02   4.0688398e-02
   4.3596491e+00   1.4601305e-02   4.0442706e-02
   4.3646617e+00   1.4342843e-02   4.0202087e-02
   4.3696742e+00   1.4090073e-02   3.9966520e-02
   4.3746867e+00   1.3842714e-02   3.9735995e-02
   4.3796992e+00   1.3600492e-02   3.9510500e-02
   4.3847118e+00   1.3363141e-02   3.9290023e-02
   4.3897243e+00   1.3130403e-02   3.9074548e-02
   4.3947368e+00   1.2902027e-02   3.8864056e-02
   4.3997494e+00   1.2677769e-02   3.8658530e-02
   4.4047619e+00   1.2457391e-02   3.8457947e-02
   4.4097744e+00   1.2240663e-02   3.8262286e-02
   4.4147870e+00   1.2027357e-02   3.8071524e-02
   4.4197995e+00   1.1817255e-02   3.7885635e-02
   4.4248120e+00   1.1610141e-02   3.7704595e-02
   4.4298246e+00   1.1405804e-02   3.7528376e-02
   4.4348371e+00   1.1204038e-02   3.7356952e-02
   4.4398496e+00   1.1004641e-02   3.7190294e-02
   4.4448622e+00   1.0807417e-02   3.7028373e-02
   4.4498747e+00   1.0612169e-02   3.6871159e-02
   4.4548872e+00   1.0418707e-02   3.6718621e-02
   4.4598997e+00   1.0226842e-02   3.6570728e-02
   4.4649123e+00   1.0036390e-02   3.6427448e-02
   4.4699248e+00   9.8471663e-03   3.6288749e-02
   4.4749373e+00   9.6589913e-03   3.6154596e-02
   4.4799499e+00   9.4716859e-03   3.6024955e-02
   4.4849624e+00   9.2850729e-03   3.5899791e-02
   4.4899749e+00   9.0989770e-03   3.5779068e-02
   4.4949875e+00   8.9132772e-03   3.5662716e-02
   4.5000000e+00   8.7280704e-03   3.5550536e-02
