   2.5000000e+00  -9.5641490e+00   3.0930000e-01
   2.5050125e+00  -9.5094564e+00   3.0944907e-01
   2.5100251e+00  -9.4551997e+00   3.0955578e-01
   2.5150376e+00  -9.4013563e+00   3.0961526e-01
   2.5200501e+00  -9.3479039e+00   3.0962263e-01
   2.5250627e+00  -9.2948200e+00   3.0957302e-01
   2.5300752e+00  -9.2420820e+00   3.0946156e-01
   2.5350877e+00  -9.1896675e+00   3.0928338e-01
   2.5401003e+00  -9.1375541e+00   3.0903360e-01
   2.5451128e+00  -9.0857193e+00   3.0870736e-01
   2.5501253e+00  -9.0341405e+00   3.0829978e-01
   2.5551378e+00  -8.9827954e+00   3.0780599e-01
   2.5601504e+00  -8.9316614e+00   3.0722111e-01
   2.5651629e+00  -8.8807161e+00   3.0654028e-01
   2.5701754e+00  -8.8299370e+00   3.0575863e-01
   2.5751880e+00  -8.7793016e+00   3.0487128e-01
   2.5802005e+00  -8.7287875e+00   3.0387335e-01
   2.5852130e+00  -8.6783722e+00   3.0275999e-01
   2.5902256e+00  -8.6280333e+00   3.0152631e-01
   2.5952381e+00  -8.5777481e+00   3.0016744e-01
   2.6002506e+00  -8.5274944e+00   2.9867852e-01
   2.6052632e+00  -8.4772496e+00   2.9705466e-01
   2.6102757e+00  -8.4269912e+00   2.9529101e-01
   2.6152882e+00  -8.3766967e+00   2.9338267e-01
   2.6203008e+00  -8.3263438e+00   2.9132480e-01
   2.6253133e+00  -8.2759099e+00   2.8911250e-01
   2.6303258e+00  -8.2253725e+00   2.8674091e-01
   2.6353383e+00  -8.1747204e+00   2.8420888e-01
   2.6403509e+00  -8.1239793e+00   2.8152747e-01
   2.6453634e+00  -8.0731826e+00   2.7871029e-01
   2.6503759e+00  -8.0223634e+00   2.7577091e-01
   2.6553885e+00  -7.9715551e+00   2.7272293e-01
   2.6604010e+00  -7.9207910e+00   2.6957994e-01
   2.6654135e+00  -7.8701044e+00   2.6635553e-01
   2.6704261e+00  -7.8195285e+00   2.6306329e-01
   2.6754386e+00  -7.7690967e+00   2.5971681e-01
   2.6804511e+00  -7.7188423e+00   2.5632969e-01
   2.6854637e+00  -7.6687986e+00   2.5291551e-01
   2.6904762e+00  -7.6189988e+00   2.4948785e-01
   2.6954887e+00  -7.5694763e+00   2.4606033e-01
   2.7005013e+00  -7.5202644e+00   2.4264651e-01
   2.7055138e+00  -7.4713963e+00   2.3926000e-01
   2.7105263e+00  -7.4229054e+00   2.3591438e-01
   2.7155388e+00  -7.3748249e+00   2.3262325e-01
   2.7205514e+00  -7.3271881e+00   2.2940020e-01
   2.7255639e+00  -7.2800284e+00   2.2625880e-01
   2.7305764e+00  -7.2333791e+00   2.2321267e-01
   2.7355890e+00  -7.1872733e+00   2.2027538e-01
   2.7406015e+00  -7.1417446e+00   2.1746053e-01
   2.7456140e+00  -7.0968260e+00   2.1478170e-01
   2.7506266e+00  -7.0525509e+00   2.1225249e-01
   2.7556391e+00  -7.0089381e+00   2.0988279e-01
   2.7606516e+00  -6.9659659e+00   2.0767234e-01
   2.7656642e+00  -6.9236061e+00   2.0561912e-01
   2.7706767e+00  -6.8818301e+00   2.0372112e-01
   2.7756892e+00  -6.8406096e+00   2.0197632e-01
   2.7807018e+00  -6.7999161e+00   2.0038271e-01
   2.7857143e+00  -6.7597213e+00   1.9893828e-01
   2.7907268e+00  -6.7199968e+00   1.9764101e-01
   2.7957393e+00  -6.6807140e+00   1.9648889e-01
   2.8007519e+00  -6.6418447e+00   1.9547991e-01
   2.8057644e+00  -6.6033604e+00   1.9461205e-01
   2.8107769e+00  -6.5652326e+00   1.9388330e-01
   2.8157895e+00  -6.5274331e+00   1.9329165e-01
   2.8208020e+00  -6.4899333e+00   1.9283508e-01
   2.8258145e+00  -6.4527049e+00   1.9251158e-01
   2.8308271e+00  -6.4157194e+00   1.9231914e-01
   2.8358396e+00  -6.3789485e+00   1.9225574e-01
   2.8408521e+00  -6.3423637e+00   1.9231937e-01
   2.8458647e+00  -6.3059367e+00   1.9250801e-01
   2.8508772e+00  -6.2696389e+00   1.9281966e-01
   2.8558897e+00  -6.2334421e+00   1.9325230e-01
   2.8609023e+00  -6.1973177e+00   1.9380391e-01
   2.8659148e+00  -6.1612375e+00   1.9447248e-01
   2.8709273e+00  -6.1251728e+00   1.9525601e-01
   2.8759398e+00  -6.0890955e+00   1.9615246e-01
   2.8809524e+00  -6.0529770e+00   1.9715983e-01
   2.8859649e+00  -6.0167965e+00   1.9827354e-01
   2.8909774e+00  -5.9805502e+00   1.9948316e-01
   2.8959900e+00  -5.9442365e+00   2.0077744e-01
   2.9010025e+00  -5.9078542e+00   2.0214516e-01
   2.9060150e+00  -5.8714018e+00   2.0357505e-01
   2.9110276e+00  -5.8348779e+00   2.0505588e-01
   2.9160401e+00  -5.7982810e+00   2.0657640e-01
   2.9210526e+00  -5.7616098e+00   2.0812538e-01
   2.9260652e+00  -5.7248628e+00   2.0969157e-01
   2.9310777e+00  -5.6880387e+00   2.1126372e-01
   2.9360902e+00  -5.6511359e+00   2.1283059e-01
   2.9411028e+00  -5.6141531e+00   2.1438095e-01
   2.9461153e+00  -5.5770889e+00   2.1590354e-01
   2.9511278e+00  -5.5399418e+00   2.1738712e-01
   2.9561404e+00  -5.5027105e+00   2.1882044e-01
   2.9611529e+00  -5.4653934e+00   2.2019228e-01
   2.9661654e+00  -5.4279893e+00   2.2149138e-01
   2.9711779e+00  -5.3904967e+00   2.2270649e-01
   2.9761905e+00  -5.3529141e+00   2.2382638e-01
   2.9812030e+00  -5.3152401e+00   2.2483981e-01
   2.9862155e+00  -5.2774734e+00   2.2573552e-01
   2.9912281e+00  -5.2396125e+00   2.2650228e-01
   2.9962406e+00  -5.2016560e+00   2.2712885e-01
   3.0012531e+00  -5.1636025e+00   2.2760401e-01
   3.0062657e+00  -5.1254579e+00   2.2792218e-01
   3.0112782e+00  -5.0872420e+00   2.2808861e-01
   3.0162907e+00  -5.0489762e+00   2.2810981e-01
   3.0213033e+00  -5.0106818e+00   2.2799227e-01
   3.0263158e+00  -4.9723805e+00   2.2774251e-01
   3.0313283e+00  -4.9340934e+00   2.2736702e-01
   3.0363409e+00  -4.8958421e+00   2.2687233e-01
   3.0413534e+00  -4.8576480e+00   2.2626492e-01
   3.0463659e+00  -4.8195324e+00   2.2555131e-01
   3.0513784e+00  -4.7815169e+00   2.2473800e-01
   3.0563910e+00  -4.7436227e+00   2.2383150e-01
   3.0614035e+00  -4.7058714e+00   2.2283832e-01
   3.0664160e+00  -4.6682843e+00   2.2176495e-01
   3.0714286e+00  -4.6308828e+00   2.2061790e-01
   3.0764411e+00  -4.5936885e+00   2.1940368e-01
   3.0814536e+00  -4.5567226e+00   2.1812880e-01
   3.0864662e+00  -4.5200066e+00   2.1679975e-01
   3.0914787e+00  -4.4835619e+00   2.1542306e-01
   3.0964912e+00  -4.4474099e+00   2.1400521e-01
   3.1015038e+00  -4.4115720e+00   2.1255271e-01
   3.1065163e+00  -4.3760697e+00   2.1107208e-01
   3.1115288e+00  -4.3409244e+00   2.0956982e-01
   3.1165414e+00  -4.3061574e+00   2.0805242e-01
   3.1215539e+00  -4.2717900e+00   2.0652641e-01
   3.1265664e+00  -4.2378284e+00   2.0499846e-01
   3.1315789e+00  -4.2042541e+00   2.0347557e-01
   3.1365915e+00  -4.1710463e+00   2.0196476e-01
   3.1416040e+00  -4.1381842e+00   2.0047303e-01
   3.1466165e+00  -4.1056468e+00   1.9900740e-01
   3.1516291e+00  -4.0734136e+00   1.9757490e-01
   3.1566416e+00  -4.0414635e+00   1.9618253e-01
   3.1616541e+00  -4.0097758e+00   1.9483732e-01
   3.1666667e+00  -3.9783297e+00   1.9354627e-01
   3.1716792e+00  -3.9471043e+00   1.9231640e-01
   3.1766917e+00  -3.9160789e+00   1.9115474e-01
   3.1817043e+00  -3.8852326e+00   1.9006829e-01
   3.1867168e+00  -3.8545446e+00   1.8906407e-01
   3.1917293e+00  -3.8239941e+00   1.8814910e-01
   3.1967419e+00  -3.7935603e+00   1.8733039e-01
   3.2017544e+00  -3.7632223e+00   1.8661496e-01
   3.2067669e+00  -3.7329594e+00   1.8600982e-01
   3.2117794e+00  -3.7027507e+00   1.8552200e-01
   3.2167920e+00  -3.6725754e+00   1.8515850e-01
   3.2218045e+00  -3.6424127e+00   1.8492634e-01
   3.2268170e+00  -3.6122417e+00   1.8483255e-01
   3.2318296e+00  -3.5820417e+00   1.8488412e-01
   3.2368421e+00  -3.5517918e+00   1.8508809e-01
   3.2418546e+00  -3.5214713e+00   1.8545146e-01
   3.2468672e+00  -3.4910592e+00   1.8598125e-01
   3.2518797e+00  -3.4605352e+00   1.8668433e-01
   3.2568922e+00  -3.4298932e+00   1.8756082e-01
   3.2619048e+00  -3.3991473e+00   1.8860145e-01
   3.2669173e+00  -3.3683133e+00   1.8979630e-01
   3.2719298e+00  -3.3374068e+00   1.9113541e-01
   3.2769424e+00  -3.3064433e+00   1.9260885e-01
   3.2819549e+00  -3.2754386e+00   1.9420666e-01
   3.2869674e+00  -3.2444083e+00   1.9591892e-01
   3.2919799e+00  -3.2133681e+00   1.9773567e-01
   3.2969925e+00  -3.1823335e+00   1.9964697e-01
   3.3020050e+00  -3.1513202e+00   2.0164289e-01
   3.3070175e+00  -3.1203439e+00   2.0371347e-01
   3.3120301e+00  -3.0894202e+00   2.0584878e-01
   3.3170426e+00  -3.0585648e+00   2.0803887e-01
   3.3220551e+00  -3.0277932e+00   2.1027381e-01
   3.3270677e+00  -2.9971212e+00   2.1254364e-01
   3.3320802e+00  -2.9665644e+00   2.1483843e-01
   3.3370927e+00  -2.9361383e+00   2.1714823e-01
   3.3421053e+00  -2.9058588e+00   2.1946310e-01
   3.3471178e+00  -2.8757413e+00   2.2177310e-01
   3.3521303e+00  -2.8458016e+00   2.2406829e-01
   3.3571429e+00  -2.8160553e+00   2.2633872e-01
   3.3621554e+00  -2.7865180e+00   2.2857444e-01
   3.3671679e+00  -2.7572054e+00   2.3076553e-01
   3.3721805e+00  -2.7281326e+00   2.3290225e-01
   3.3771930e+00  -2.6992976e+00   2.3498174e-01
   3.3822055e+00  -2.6706786e+00   2.3700930e-01
   3.3872180e+00  -2.6422523e+00   2.3899068e-01
   3.3922306e+00  -2.6139955e+00   2.4093164e-01
   3.3972431e+00  -2.5858850e+00   2.4283795e-01
   3.4022556e+00  -2.5578978e+00   2.4471536e-01
   3.4072682e+00  -2.5300105e+00   2.4656963e-01
   3.4122807e+00  -2.5022000e+00   2.4840653e-01
   3.4172932e+00  -2.4744432e+00   2.5023181e-01
   3.4223058e+00  -2.4467168e+00   2.5205123e-01
   3.4273183e+00  -2.4189977e+00   2.5387056e-01
   3.4323308e+00  -2.3912626e+00   2.5569555e-01
   3.4373434e+00  -2.3634885e+00   2.5753197e-01
   3.4423559e+00  -2.3356522e+00   2.5938556e-01
   3.4473684e+00  -2.3077303e+00   2.6126210e-01
   3.4523810e+00  -2.2796999e+00   2.6316735e-01
   3.4573935e+00  -2.2515376e+00   2.6510706e-01
   3.4624060e+00  -2.2232204e+00   2.6708699e-01
   3.4674185e+00  -2.1947249e+00   2.6911290e-01
   3.4724311e+00  -2.1660282e+00   2.7119056e-01
   3.4774436e+00  -2.1371069e+00   2.7332572e-01
   3.4824561e+00  -2.1079379e+00   2.7552415e-01
   3.4874687e+00  -2.0784980e+00   2.7779160e-01
   3.4924812e+00  -2.0487640e+00   2.8013383e-01
   3.4974937e+00  -2.0187128e+00   2.8255661e-01
   3.5025063e+00  -1.9883227e+00   2.8506512e-01
   3.5075188e+00  -1.9576059e+00   2.8765138e-01
   3.5125313e+00  -1.9266089e+00   2.9029425e-01
   3.5175439e+00  -1.8953795e+00   2.9297201e-01
   3.5225564e+00  -1.8639656e+00   2.9566296e-01
   3.5275689e+00  -1.8324150e+00   2.9834537e-01
   3.5325815e+00  -1.8007756e+00   3.0099752e-01
   3.5375940e+00  -1.7690952e+00   3.0359771e-01
   3.5426065e+00  -1.7374217e+00   3.0612422e-01
   3.5476190e+00  -1.7058030e+00   3.0855533e-01
   3.5526316e+00  -1.6742868e+00   3.1086932e-01
   3.5576441e+00  -1.6429211e+00   3.1304449e-01
   3.5626566e+00  -1.6117537e+00   3.1505911e-01
   3.5676692e+00  -1.5808324e+00   3.1689147e-01
   3.5726817e+00  -1.5502052e+00   3.1851986e-01
   3.5776942e+00  -1.5199198e+00   3.1992255e-01
   3.5827068e+00  -1.4900241e+00   3.2107784e-01
   3.5877193e+00  -1.4605660e+00   3.2196400e-01
   3.5927318e+00  -1.4315934e+00   3.2255933e-01
   3.5977444e+00  -1.4031540e+00   3.2284210e-01
   3.6027569e+00  -1.3752957e+00   3.2279061e-01
   3.6077694e+00  -1.3480665e+00   3.2238313e-01
   3.6127820e+00  -1.3215140e+00   3.2159795e-01
   3.6177945e+00  -1.2956863e+00   3.2041335e-01
   3.6228070e+00  -1.2706265e+00   3.1880984e-01
   3.6278195e+00  -1.2462961e+00   3.1680692e-01
   3.6328321e+00  -1.2225871e+00   3.1445743e-01
   3.6378446e+00  -1.1993888e+00   3.1181532e-01
   3.6428571e+00  -1.1765908e+00   3.0893449e-01
   3.6478697e+00  -1.1540827e+00   3.0586889e-01
   3.6528822e+00  -1.1317540e+00   3.0267244e-01
   3.6578947e+00  -1.1094941e+00   2.9939906e-01
   3.6629073e+00  -1.0871927e+00   2.9610268e-01
   3.6679198e+00  -1.0647392e+00   2.9283723e-01
   3.6729323e+00  -1.0420231e+00   2.8965663e-01
   3.6779449e+00  -1.0189341e+00   2.8661481e-01
   3.6829574e+00  -9.9536157e-01   2.8376571e-01
   3.6879699e+00  -9.7119510e-01   2.8116324e-01
   3.6929825e+00  -9.4632421e-01   2.7886133e-01
   3.6979950e+00  -9.2063841e-01   2.7691391e-01
   3.7030075e+00  -8.9402723e-01   2.7537490e-01
   3.7080201e+00  -8.6638020e-01   2.7429824e-01
   3.7130326e+00  -8.3758684e-01   2.7373785e-01
   3.7180451e+00  -8.0753669e-01   2.7374766e-01
   3.7230576e+00  -7.7611926e-01   2.7438158e-01
   3.7280702e+00  -7.4322408e-01   2.7569356e-01
   3.7330827e+00  -7.0874068e-01   2.7773752e-01
   3.7380952e+00  -6.7255858e-01   2.8056737e-01
   3.7431078e+00  -6.3457772e-01   2.8423453e-01
   3.7481203e+00  -5.9484219e-01   2.8875533e-01
   3.7531328e+00  -5.5350134e-01   2.9412052e-01
   3.7581454e+00  -5.1070692e-01   3.0032028e-01
   3.7631579e+00  -4.6661066e-01   3.0734477e-01
   3.7681704e+00  -4.2136432e-01   3.1518416e-01
   3.7731830e+00  -3.7511964e-01   3.2382863e-01
   3.7781955e+00  -3.2802837e-01   3.3326833e-01
   3.7832080e+00  -2.8024226e-01   3.4349343e-01
   3.7882206e+00  -2.3191305e-01   3.5449411e-01
   3.7932331e+00  -1.8319248e-01   3.6626053e-01
   3.7982456e+00  -1.3423232e-01   3.7878287e-01
   3.8032581e+00  -8.5184291e-02   3.9205128e-01
   3.8082707e+00  -3.6200153e-02   4.0605595e-01
   3.8132832e+00   1.2568350e-02   4.2078702e-01
   3.8182957e+00   6.0969473e-02   4.3623469e-01
   3.8233083e+00   1.0885147e-01   4.5238911e-01
   3.8283208e+00   1.5606259e-01   4.6924045e-01
   3.8333333e+00   2.0245109e-01   4.8677888e-01
   3.8383459e+00   2.4786523e-01   5.0499457e-01
   3.8433584e+00   2.9215325e-01   5.2387769e-01
   3.8483709e+00   3.3516341e-01   5.4341841e-01
   3.8533835e+00   3.7674396e-01   5.6360688e-01
   3.8583960e+00   4.1674317e-01   5.8443330e-01
   3.8634085e+00   4.5500927e-01   6.0588781e-01
   3.8684211e+00   4.9139053e-01   6.2796059e-01
   3.8734336e+00   5.2574709e-01   6.5064336e-01
   3.8784461e+00   5.5806854e-01   6.7394459e-01
   3.8834586e+00   5.8842398e-01   6.9788309e-01
   3.8884712e+00   6.1688366e-01   7.2247782e-01
   3.8934837e+00   6.4351785e-01   7.4774771e-01
   3.8984962e+00   6.6839679e-01   7.7371171e-01
   3.9035088e+00   6.9159075e-01   8.0038878e-01
   3.9085213e+00   7.1316997e-01   8.2779786e-01
   3.9135338e+00   7.3320472e-01   8.5595791e-01
   3.9185464e+00   7.5176525e-01   8.8488786e-01
   3.9235589e+00   7.6892182e-01   9.1460667e-01
   3.9285714e+00   7.8474468e-01   9.4513329e-01
   3.9335840e+00   7.9930408e-01   9.7648667e-01
   3.9385965e+00   8.1267030e-01   1.0086858e+00
   3.9436090e+00   8.2491357e-01   1.0417495e+00
   3.9486216e+00   8.3610416e-01   1.0756968e+00
   3.9536341e+00   8.4631232e-01   1.1105467e+00
   3.9586466e+00   8.5560831e-01   1.1463181e+00
   3.9636591e+00   8.6406239e-01   1.1830299e+00
   3.9686717e+00   8.7174480e-01   1.2207012e+00
   3.9736842e+00   8.7872581e-01   1.2593507e+00
   3.9786967e+00   8.8507568e-01   1.2989976e+00
   3.9837093e+00   8.9086465e-01   1.3396607e+00
   3.9887218e+00   8.9616298e-01   1.3813590e+00
   3.9937343e+00   9.0103551e-01   1.4241038e+00
   3.9987469e+00   9.0549902e-01   1.4678389e+00
   4.0037594e+00   9.0954523e-01   1.5124729e+00
   4.0087719e+00   9.1316563e-01   1.5579139e+00
   4.0137845e+00   9.1635172e-01   1.6040702e+00
   4.0187970e+00   9.1909500e-01   1.6508501e+00
   4.0238095e+00   9.2138696e-01   1.6981617e+00
   4.0288221e+00   9.2321910e-01   1.7459133e+00
   4.0338346e+00   9.2458292e-01   1.7940132e+00
   4.0388471e+00   9.2546991e-01   1.8423695e+00
   4.0438596e+00   9.2587157e-01   1.8908906e+00
   4.0488722e+00   9.2577941e-01   1.9394845e+00
   4.0538847e+00   9.2518490e-01   1.9880597e+00
   4.0588972e+00   9.2407955e-01   2.0365242e+00
   4.0639098e+00   9.2245487e-01   2.0847864e+00
   4.0689223e+00   9.2030233e-01   2.1327544e+00
   4.0739348e+00   9.1761345e-01   2.1803365e+00
   4.0789474e+00   9.1437971e-01   2.2274410e+00
   4.0839599e+00   9.1059262e-01   2.2739760e+00
   4.0889724e+00   9.0624367e-01   2.3198498e+00
   4.0939850e+00   9.0132436e-01   2.3649706e+00
   4.0989975e+00   8.9582618e-01   2.4092468e+00
   4.1040100e+00   8.8974063e-01   2.4525864e+00
   4.1090226e+00   8.8305921e-01   2.4948977e+00
   4.1140351e+00   8.7577341e-01   2.5360890e+00
   4.1190476e+00   8.6787474e-01   2.5760685e+00
   4.1240602e+00   8.5935914e-01   2.6147559e+00
   4.1290727e+00   8.5025451e-01   2.6521531e+00
   4.1340852e+00   8.4060266e-01   2.6882980e+00
   4.1390977e+00   8.3044544e-01   2.7232284e+00
   4.1441103e+00   8.1982472e-01   2.7569823e+00
   4.1491228e+00   8.0878237e-01   2.7895975e+00
   4.1541353e+00   7.9736024e-01   2.8211120e+00
   4.1591479e+00   7.8560020e-01   2.8515638e+00
   4.1641604e+00   7.7354411e-01   2.8809907e+00
   4.1691729e+00   7.6123384e-01   2.9094306e+00
   4.1741855e+00   7.4871125e-01   2.9369215e+00
   4.1791980e+00   7.3601820e-01   2.9635012e+00
   4.1842105e+00   7.2319655e-01   2.9892078e+00
   4.1892231e+00   7.1028817e-01   3.0140790e+00
   4.1942356e+00   6.9733493e-01   3.0381530e+00
   4.1992481e+00   6.8437867e-01   3.0614674e+00
   4.2042607e+00   6.7146127e-01   3.0840603e+00
   4.2092732e+00   6.5862459e-01   3.1059696e+00
   4.2142857e+00   6.4591050e-01   3.1272333e+00
   4.2192982e+00   6.3336085e-01   3.1478891e+00
   4.2243108e+00   6.2101750e-01   3.1679751e+00
   4.2293233e+00   6.0892233e-01   3.1875291e+00
   4.2343358e+00   5.9711720e-01   3.2065891e+00
   4.2393484e+00   5.8564396e-01   3.2251930e+00
   4.2443609e+00   5.7453829e-01   3.2433754e+00
   4.2493734e+00   5.6379916e-01   3.2611507e+00
   4.2543860e+00   5.5341204e-01   3.2785261e+00
   4.2593985e+00   5.4336239e-01   3.2955089e+00
   4.2644110e+00   5.3363568e-01   3.3121061e+00
   4.2694236e+00   5.2421736e-01   3.3283251e+00
   4.2744361e+00   5.1509289e-01   3.3441728e+00
   4.2794486e+00   5.0624774e-01   3.3596566e+00
   4.2844612e+00   4.9766736e-01   3.3747835e+00
   4.2894737e+00   4.8933721e-01   3.3895608e+00
   4.2944862e+00   4.8124276e-01   3.4039956e+00
   4.2994987e+00   4.7336946e-01   3.4180951e+00
   4.3045113e+00   4.6570278e-01   3.4318664e+00
   4.3095238e+00   4.5822817e-01   3.4453168e+00
   4.3145363e+00   4.5093110e-01   3.4584533e+00
   4.3195489e+00   4.4379702e-01   3.4712833e+00
   4.3245614e+00   4.3681139e-01   3.4838138e+00
   4.3295739e+00   4.2995968e-01   3.4960520e+00
   4.3345865e+00   4.2322734e-01   3.5080050e+00
   4.3395990e+00   4.1659984e-01   3.5196802e+00
   4.3446115e+00   4.1006263e-01   3.5310845e+00
   4.3496241e+00   4.0360118e-01   3.5422253e+00
   4.3546366e+00   3.9720094e-01   3.5531096e+00
   4.3596491e+00   3.9084738e-01   3.5637447e+00
   4.3646617e+00   3.8452697e-01   3.5741366e+00
   4.3696742e+00   3.7823126e-01   3.5842863e+00
   4.3746867e+00   3.7195333e-01   3.5941931e+00
   4.3796992e+00   3.6568627e-01   3.6038562e+00
   4.3847118e+00   3.5942318e-01   3.6132750e+00
   4.3897243e+00   3.5315714e-01   3.6224488e+00
   4.3947368e+00   3.4688125e-01   3.6313769e+00
   4.3997494e+00   3.4058860e-01   3.6400586e+00
   4.4047619e+00   3.3427228e-01   3.6484931e+00
   4.4097744e+00   3.2792538e-01   3.6566799e+00
   4.4147870e+00   3.2154098e-01   3.6646182e+00
   4.4197995e+00   3.1511219e-01   3.6723073e+00
   4.4248120e+00   3.0863209e-01   3.6797465e+00
   4.4298246e+00   3.0209378e-01   3.6869351e+00
   4.4348371e+00   2.9549034e-01   3.6938724e+00
   4.4398496e+00   2.8881486e-01   3.7005578e+00
   4.4448622e+00   2.8206045e-01   3.7069905e+00
   4.4498747e+00   2.7522018e-01   3.7131699e+00
   4.4548872e+00   2.6828714e-01   3.7190951e+00
   4.4598997e+00   2.6125444e-01   3.7247657e+00
   4.4649123e+00   2.5411516e-01   3.7301807e+00
   4.4699248e+00   2.4686239e-01   3.7353397e+00
   4.4749373e+00   2.3948922e-01   3.7402418e+00
   4.4799499e+00   2.3198875e-01   3.7448863e+00
   4.4849624e+00   2.2435406e-01   3.7492726e+00
   4.4899749e+00   2.1657825e-01   3.7534000e+00
   4.4949875e+00   2.0865810e-01   3.7572688e+00
   4.5000000e+00   2.0060548e-01   3.7608831e+00
