   2.5000000e+00   9.1122477e-02   1.6176521e-02
   2.5050125e+00   9.1275000e-02   1.6283568e-02
   2.5100251e+00   9.1428047e-02   1.6391424e-02
   2.5150376e+00   9.1581616e-02   1.6500097e-02
   2.5200501e+00   9.1735708e-02   1.6609593e-02
   2.5250627e+00   9.1890322e-02   1.6719918e-02
   2.5300752e+00   9.2045458e-02   1.6831081e-02
   2.5350877e+00   9.2201115e-02   1.6943087e-02
   2.5401003e+00   9.2357293e-02   1.7055943e-02
   2.5451128e+00   9.2513991e-02   1.7169656e-02
   2.5501253e+00   9.2671209e-02   1.7284233e-02
   2.5551378e+00   9.2828945e-02   1.7399682e-02
   2.5601504e+00   9.2987200e-02   1.7516009e-02
   2.5651629e+00   9.3145971e-02   1.7633221e-02
   2.5701754e+00   9.3305260e-02   1.7751326e-02
   2.5751880e+00   9.3465063e-02   1.7870331e-02
   2.5802005e+00   9.3625381e-02   1.7990242e-02
   2.5852130e+00   9.3786213e-02   1.8111067e-02
   2.5902256e+00   9.3947557e-02   1.8232814e-02
   2.5952381e+00   9.4109412e-02   1.8355490e-02
   2.6002506e+00   9.4271777e-02   1.8479102e-02
   2.6052632e+00   9.4434651e-02   1.8603657e-02
   2.6102757e+00   9.4598032e-02   1.8729164e-02
   2.6152882e+00   9.4761919e-02   1.8855629e-02
   2.6203008e+00   9.4926311e-02   1.8983061e-02
   2.6253133e+00   9.5091205e-02   1.9111466e-02
   2.6303258e+00   9.5256600e-02   1.9240852e-02
   2.6353383e+00   9.5422495e-02   1.9371228e-02
   2.6403509e+00   9.5588888e-02   1.9502601e-02
   2.6453634e+00   9.5755776e-02   1.9634978e-02
   2.6503759e+00   9.5923159e-02   1.9768367e-02
   2.6553885e+00   9.6091033e-02   1.9902777e-02
   2.6604010e+00   9.6259397e-02   2.0038214e-02
   2.6654135e+00   9.6428248e-02   2.0174688e-02
   2.6704261e+00   9.6597586e-02   2.0312205e-02
   2.6754386e+00   9.6767406e-02   2.0450774e-02
   2.6804511e+00   9.6937706e-02   2.0590403e-02
   2.6854637e+00   9.7108485e-02   2.0731100e-02
   2.6904762e+00   9.7279739e-02   2.0872872e-02
   2.6954887e+00   9.7451466e-02   2.1015729e-02
   2.7005013e+00   9.7623664e-02   2.1159677e-02
   2.7055138e+00   9.7796328e-02   2.1304726e-02
   2.7105263e+00   9.7969457e-02   2.1450883e-02
   2.7155388e+00   9.8143047e-02   2.1598157e-02
   2.7205514e+00   9.8317095e-02   2.1746555e-02
   2.7255639e+00   9.8491598e-02   2.1896087e-02
   2.7305764e+00   9.8666552e-02   2.2046759e-02
   2.7355890e+00   9.8841954e-02   2.2198581e-02
   2.7406015e+00   9.9017801e-02   2.2351561e-02
   2.7456140e+00   9.9194089e-02   2.2505707e-02
   2.7506266e+00   9.9370814e-02   2.2661028e-02
   2.7556391e+00   9.9547972e-02   2.2817531e-02
   2.7606516e+00   9.9725560e-02   2.2975225e-02
   2.7656642e+00   9.9903572e-02   2.3134119e-02
   2.7706767e+00   1.0008201e-01   2.3294221e-02
   2.7756892e+00   1.0026086e-01   2.3455539e-02
   2.7807018e+00   1.0044012e-01   2.3618082e-02
   2.7857143e+00   1.0061979e-01   2.3781858e-02
   2.7907268e+00   1.0079987e-01   2.3946875e-02
   2.7957393e+00   1.0098034e-01   2.4113142e-02
   2.8007519e+00   1.0116121e-01   2.4280668e-02
   2.8057644e+00   1.0134246e-01   2.4449460e-02
   2.8107769e+00   1.0152410e-01   2.4619527e-02
   2.8157895e+00   1.0170612e-01   2.4790877e-02
   2.8208020e+00   1.0188851e-01   2.4963519e-02
   2.8258145e+00   1.0207127e-01   2.5137461e-02
   2.8308271e+00   1.0225439e-01   2.5312712e-02
   2.8358396e+00   1.0243786e-01   2.5489279e-02
   2.8408521e+00   1.0262169e-01   2.5667171e-02
   2.8458647e+00   1.0280586e-01   2.5846397e-02
   2.8508772e+00   1.0299037e-01   2.6026964e-02
   2.8558897e+00   1.0317521e-01   2.6208881e-02
   2.8609023e+00   1.0336038e-01   2.6392155e-02
   2.8659148e+00   1.0354587e-01   2.6576796e-02
   2.8709273e+00   1.0373167e-01   2.6762811e-02
   2.8759398e+00   1.0391778e-01   2.6950208e-02
   2.8809524e+00   1.0410418e-01   2.7138996e-02
   2.8859649e+00   1.0429088e-01   2.7329181e-02
   2.8909774e+00   1.0447786e-01   2.7520773e-02
   2.8959900e+00   1.0466512e-01   2.7713779e-02
   2.9010025e+00   1.0485265e-01   2.7908206e-02
   2.9060150e+00   1.0504044e-01   2.8104064e-02
   2.9110276e+00   1.0522849e-01   2.8301358e-02
   2.9160401e+00   1.0541678e-01   2.8500097e-02
   2.9210526e+00   1.0560532e-01   2.8700289e-02
   2.9260652e+00   1.0579408e-01   2.8901941e-02
   2.9310777e+00   1.0598307e-01   2.9105059e-02
   2.9360902e+00   1.0617227e-01   2.9309653e-02
   2.9411028e+00   1.0636167e-01   2.9515728e-02
   2.9461153e+00   1.0655127e-01   2.9723292e-02
   2.9511278e+00   1.0674106e-01   2.9932351e-02
   2.9561404e+00   1.0693103e-01   3.0142914e-02
   2.9611529e+00   1.0712117e-01   3.0354986e-02
   2.9661654e+00   1.0731147e-01   3.0568574e-02
   2.9711779e+00   1.0750192e-01   3.0783685e-02
   2.9761905e+00   1.0769251e-01   3.1000325e-02
   2.9812030e+00   1.0788323e-01   3.1218501e-02
   2.9862155e+00   1.0807408e-01   3.1438218e-02
   2.9912281e+00   1.0826503e-01   3.1659484e-02
   2.9962406e+00   1.0845609e-01   3.1882303e-02
   3.0012531e+00   1.0864724e-01   3.2106681e-02
   3.0062657e+00   1.0883847e-01   3.2332624e-02
   3.0112782e+00   1.0902978e-01   3.2560138e-02
   3.0162907e+00   1.0922114e-01   3.2789228e-02
   3.0213033e+00   1.0941255e-01   3.3019899e-02
   3.0263158e+00   1.0960400e-01   3.3252155e-02
   3.0313283e+00   1.0979547e-01   3.3486002e-02
   3.0363409e+00   1.0998697e-01   3.3721443e-02
   3.0413534e+00   1.1017846e-01   3.3958485e-02
   3.0463659e+00   1.1036995e-01   3.4197130e-02
   3.0513784e+00   1.1056143e-01   3.4437382e-02
   3.0563910e+00   1.1075287e-01   3.4679246e-02
   3.0614035e+00   1.1094427e-01   3.4922724e-02
   3.0664160e+00   1.1113562e-01   3.5167821e-02
   3.0714286e+00   1.1132690e-01   3.5414539e-02
   3.0764411e+00   1.1151811e-01   3.5662881e-02
   3.0814536e+00   1.1170922e-01   3.5912849e-02
   3.0864662e+00   1.1190024e-01   3.6164446e-02
   3.0914787e+00   1.1209114e-01   3.6417674e-02
   3.0964912e+00   1.1228191e-01   3.6672535e-02
   3.1015038e+00   1.1247255e-01   3.6929030e-02
   3.1065163e+00   1.1266303e-01   3.7187161e-02
   3.1115288e+00   1.1285335e-01   3.7446928e-02
   3.1165414e+00   1.1304350e-01   3.7708333e-02
   3.1215539e+00   1.1323345e-01   3.7971375e-02
   3.1265664e+00   1.1342320e-01   3.8236054e-02
   3.1315789e+00   1.1361274e-01   3.8502371e-02
   3.1365915e+00   1.1380205e-01   3.8770324e-02
   3.1416040e+00   1.1399112e-01   3.9039914e-02
   3.1466165e+00   1.1417994e-01   3.9311138e-02
   3.1516291e+00   1.1436849e-01   3.9583995e-02
   3.1566416e+00   1.1455677e-01   3.9858483e-02
   3.1616541e+00   1.1474475e-01   4.0134600e-02
   3.1666667e+00   1.1493242e-01   4.0412344e-02
   3.1716792e+00   1.1511978e-01   4.0691710e-02
   3.1766917e+00   1.1530681e-01   4.0972697e-02
   3.1817043e+00   1.1549350e-01   4.1255300e-02
   3.1867168e+00   1.1567983e-01   4.1539514e-02
   3.1917293e+00   1.1586580e-01   4.1825336e-02
   3.1967419e+00   1.1605138e-01   4.2112761e-02
   3.2017544e+00   1.1623657e-01   4.2401783e-02
   3.2067669e+00   1.1642136e-01   4.2692396e-02
   3.2117794e+00   1.1660573e-01   4.2984595e-02
   3.2167920e+00   1.1678967e-01   4.3278372e-02
   3.2218045e+00   1.1697317e-01   4.3573722e-02
   3.2268170e+00   1.1715621e-01   4.3870635e-02
   3.2318296e+00   1.1733879e-01   4.4169105e-02
   3.2368421e+00   1.1752090e-01   4.4469123e-02
   3.2418546e+00   1.1770252e-01   4.4770681e-02
   3.2468672e+00   1.1788364e-01   4.5073768e-02
   3.2518797e+00   1.1806426e-01   4.5378377e-02
   3.2568922e+00   1.1824435e-01   4.5684495e-02
   3.2619048e+00   1.1842392e-01   4.5992114e-02
   3.2669173e+00   1.1860294e-01   4.6301222e-02
   3.2719298e+00   1.1878142e-01   4.6611807e-02
   3.2769424e+00   1.1895934e-01   4.6923857e-02
   3.2819549e+00   1.1913670e-01   4.7237361e-02
   3.2869674e+00   1.1931348e-01   4.7552305e-02
   3.2919799e+00   1.1948968e-01   4.7868676e-02
   3.2969925e+00   1.1966528e-01   4.8186460e-02
   3.3020050e+00   1.1984029e-01   4.8505642e-02
   3.3070175e+00   1.2001469e-01   4.8826209e-02
   3.3120301e+00   1.2018848e-01   4.9148145e-02
   3.3170426e+00   1.2036165e-01   4.9471434e-02
   3.3220551e+00   1.2053420e-01   4.9796060e-02
   3.3270677e+00   1.2070612e-01   5.0122006e-02
   3.3320802e+00   1.2087741e-01   5.0449256e-02
   3.3370927e+00   1.2104806e-01   5.0777792e-02
   3.3421053e+00   1.2121807e-01   5.1107597e-02
   3.3471178e+00   1.2138744e-01   5.1438651e-02
   3.3521303e+00   1.2155617e-01   5.1770936e-02
   3.3571429e+00   1.2172424e-01   5.2104433e-02
   3.3621554e+00   1.2189168e-01   5.2439122e-02
   3.3671679e+00   1.2205847e-01   5.2774983e-02
   3.3721805e+00   1.2222461e-01   5.3111996e-02
   3.3771930e+00   1.2239011e-01   5.3450140e-02
   3.3822055e+00   1.2255496e-01   5.3789394e-02
   3.3872180e+00   1.2271918e-01   5.4129736e-02
   3.3922306e+00   1.2288277e-01   5.4471145e-02
   3.3972431e+00   1.2304572e-01   5.4813598e-02
   3.4022556e+00   1.2320806e-01   5.5157072e-02
   3.4072682e+00   1.2336977e-01   5.5501546e-02
   3.4122807e+00   1.2353088e-01   5.5846995e-02
   3.4172932e+00   1.2369139e-01   5.6193396e-02
   3.4223058e+00   1.2385130e-01   5.6540727e-02
   3.4273183e+00   1.2401064e-01   5.6888962e-02
   3.4323308e+00   1.2416941e-01   5.7238078e-02
   3.4373434e+00   1.2432762e-01   5.7588051e-02
   3.4423559e+00   1.2448530e-01   5.7938856e-02
   3.4473684e+00   1.2464244e-01   5.8290469e-02
   3.4523810e+00   1.2479908e-01   5.8642865e-02
   3.4573935e+00   1.2495523e-01   5.8996019e-02
   3.4624060e+00   1.2511090e-01   5.9349907e-02
   3.4674185e+00   1.2526611e-01   5.9704503e-02
   3.4724311e+00   1.2542089e-01   6.0059784e-02
   3.4774436e+00   1.2557527e-01   6.0415724e-02
   3.4824561e+00   1.2572925e-01   6.0772298e-02
   3.4874687e+00   1.2588288e-01   6.1129483e-02
   3.4924812e+00   1.2603616e-01   6.1487253e-02
   3.4974937e+00   1.2618915e-01   6.1845584e-02
   3.5025063e+00   1.2634185e-01   6.2204453e-02
   3.5075188e+00   1.2649430e-01   6.2563835e-02
   3.5125313e+00   1.2664654e-01   6.2923707e-02
   3.5175439e+00   1.2679859e-01   6.3284046e-02
   3.5225564e+00   1.2695050e-01   6.3644828e-02
   3.5275689e+00   1.2710230e-01   6.4006033e-02
   3.5325815e+00   1.2725402e-01   6.4367637e-02
   3.5375940e+00   1.2740571e-01   6.4729619e-02
   3.5426065e+00   1.2755741e-01   6.5091959e-02
   3.5476190e+00   1.2770916e-01   6.5454636e-02
   3.5526316e+00   1.2786100e-01   6.5817630e-02
   3.5576441e+00   1.2801298e-01   6.6180923e-02
   3.5626566e+00   1.2816515e-01   6.6544497e-02
   3.5676692e+00   1.2831755e-01   6.6908334e-02
   3.5726817e+00   1.2847025e-01   6.7272417e-02
   3.5776942e+00   1.2862328e-01   6.7636732e-02
   3.5827068e+00   1.2877670e-01   6.8001263e-02
   3.5877193e+00   1.2893057e-01   6.8365997e-02
   3.5927318e+00   1.2908495e-01   6.8730922e-02
   3.5977444e+00   1.2923989e-01   6.9096026e-02
   3.6027569e+00   1.2939545e-01   6.9461298e-02
   3.6077694e+00   1.2955170e-01   6.9826731e-02
   3.6127820e+00   1.2970870e-01   7.0192316e-02
   3.6177945e+00   1.2986652e-01   7.0558048e-02
   3.6228070e+00   1.3002522e-01   7.0923921e-02
   3.6278195e+00   1.3018487e-01   7.1289932e-02
   3.6328321e+00   1.3034554e-01   7.1656080e-02
   3.6378446e+00   1.3050730e-01   7.2022364e-02
   3.6428571e+00   1.3067022e-01   7.2388786e-02
   3.6478697e+00   1.3083439e-01   7.2755349e-02
   3.6528822e+00   1.3099988e-01   7.3122059e-02
   3.6578947e+00   1.3116676e-01   7.3488923e-02
   3.6629073e+00   1.3133511e-01   7.3855949e-02
   3.6679198e+00   1.3150502e-01   7.4223148e-02
   3.6729323e+00   1.3167657e-01   7.4590534e-02
   3.6779449e+00   1.3184984e-01   7.4958122e-02
   3.6829574e+00   1.3202491e-01   7.5325929e-02
   3.6879699e+00   1.3220188e-01   7.5693974e-02
   3.6929825e+00   1.3238083e-01   7.6062281e-02
   3.6979950e+00   1.3256186e-01   7.6430872e-02
   3.7030075e+00   1.3274504e-01   7.6799776e-02
   3.7080201e+00   1.3293048e-01   7.7169021e-02
   3.7130326e+00   1.3311827e-01   7.7538640e-02
   3.7180451e+00   1.3330849e-01   7.7908666e-02
   3.7230576e+00   1.3350126e-01   7.8279138e-02
   3.7280702e+00   1.3369665e-01   7.8650095e-02
   3.7330827e+00   1.3389478e-01   7.9021581e-02
   3.7380952e+00   1.3409574e-01   7.9393640e-02
   3.7431078e+00   1.3429963e-01   7.9766323e-02
   3.7481203e+00   1.3450655e-01   8.0139681e-02
   3.7531328e+00   1.3471660e-01   8.0513769e-02
   3.7581454e+00   1.3492989e-01   8.0888644e-02
   3.7631579e+00   1.3514651e-01   8.1264368e-02
   3.7681704e+00   1.3536658e-01   8.1641007e-02
   3.7731830e+00   1.3559019e-01   8.2018626e-02
   3.7781955e+00   1.3581745e-01   8.2397299e-02
   3.7832080e+00   1.3604847e-01   8.2777099e-02
   3.7882206e+00   1.3628335e-01   8.3158104e-02
   3.7932331e+00   1.3652220e-01   8.3540397e-02
   3.7982456e+00   1.3676512e-01   8.3924062e-02
   3.8032581e+00   1.3701223e-01   8.4309188e-02
   3.8082707e+00   1.3726363e-01   8.4695869e-02
   3.8132832e+00   1.3751943e-01   8.5084201e-02
   3.8182957e+00   1.3777973e-01   8.5474283e-02
   3.8233083e+00   1.3804464e-01   8.5866220e-02
   3.8283208e+00   1.3831428e-01   8.6260120e-02
   3.8333333e+00   1.3858875e-01   8.6656095e-02
   3.8383459e+00   1.3886815e-01   8.7054260e-02
   3.8433584e+00   1.3915259e-01   8.7454736e-02
   3.8483709e+00   1.3944219e-01   8.7857647e-02
   3.8533835e+00   1.3973704e-01   8.8263121e-02
   3.8583960e+00   1.4003726e-01   8.8671291e-02
   3.8634085e+00   1.4034294e-01   8.9082294e-02
   3.8684211e+00   1.4065419e-01   8.9496269e-02
   3.8734336e+00   1.4097113e-01   8.9913363e-02
   3.8784461e+00   1.4129384e-01   9.0333726e-02
   3.8834586e+00   1.4162243e-01   9.0757512e-02
   3.8884712e+00   1.4195701e-01   9.1184879e-02
   3.8934837e+00   1.4229768e-01   9.1615990e-02
   3.8984962e+00   1.4264453e-01   9.2051013e-02
   3.9035088e+00   1.4299766e-01   9.2490121e-02
   3.9085213e+00   1.4335717e-01   9.2933491e-02
   3.9135338e+00   1.4372315e-01   9.3381304e-02
   3.9185464e+00   1.4409571e-01   9.3833748e-02
   3.9235589e+00   1.4447493e-01   9.4291012e-02
   3.9285714e+00   1.4486090e-01   9.4753294e-02
   3.9335840e+00   1.4525371e-01   9.5220794e-02
   3.9385965e+00   1.4565346e-01   9.5693719e-02
   3.9436090e+00   1.4606022e-01   9.6172279e-02
   3.9486216e+00   1.4647408e-01   9.6656691e-02
   3.9536341e+00   1.4689513e-01   9.7147176e-02
   3.9586466e+00   1.4732344e-01   9.7643960e-02
   3.9636591e+00   1.4775908e-01   9.8147276e-02
   3.9686717e+00   1.4820215e-01   9.8657358e-02
   3.9736842e+00   1.4865270e-01   9.9174451e-02
   3.9786967e+00   1.4911081e-01   9.9698802e-02
   3.9837093e+00   1.4957654e-01   1.0023066e-01
   3.9887218e+00   1.5004996e-01   1.0077029e-01
   3.9937343e+00   1.5053114e-01   1.0131796e-01
   3.9987469e+00   1.5102013e-01   1.0187392e-01
   4.0037594e+00   1.5151699e-01   1.0243847e-01
   4.0087719e+00   1.5202176e-01   1.0301188e-01
   4.0137845e+00   1.5253451e-01   1.0359443e-01
   4.0187970e+00   1.5305527e-01   1.0418642e-01
   4.0238095e+00   1.5358409e-01   1.0478816e-01
   4.0288221e+00   1.5412100e-01   1.0539994e-01
   4.0338346e+00   1.5466605e-01   1.0602207e-01
   4.0388471e+00   1.5521926e-01   1.0665488e-01
   4.0438596e+00   1.5578065e-01   1.0729869e-01
   4.0488722e+00   1.5635026e-01   1.0795383e-01
   4.0538847e+00   1.5692810e-01   1.0862063e-01
   4.0588972e+00   1.5751418e-01   1.0929944e-01
   4.0639098e+00   1.5810851e-01   1.0999062e-01
   4.0689223e+00   1.5871110e-01   1.1069451e-01
   4.0739348e+00   1.5932194e-01   1.1141148e-01
   4.0789474e+00   1.5994102e-01   1.1214191e-01
   4.0839599e+00   1.6056834e-01   1.1288617e-01
   4.0889724e+00   1.6120388e-01   1.1364464e-01
   4.0939850e+00   1.6184760e-01   1.1441772e-01
   4.0989975e+00   1.6249948e-01   1.1520582e-01
   4.1040100e+00   1.6315949e-01   1.1600933e-01
   4.1090226e+00   1.6382758e-01   1.1682868e-01
   4.1140351e+00   1.6450370e-01   1.1766429e-01
   4.1190476e+00   1.6518779e-01   1.1851659e-01
   4.1240602e+00   1.6587979e-01   1.1938601e-01
   4.1290727e+00   1.6657962e-01   1.2027302e-01
   4.1340852e+00   1.6728720e-01   1.2117806e-01
   4.1390977e+00   1.6800244e-01   1.2210159e-01
   4.1441103e+00   1.6872525e-01   1.2304410e-01
   4.1491228e+00   1.6945551e-01   1.2400607e-01
   4.1541353e+00   1.7019312e-01   1.2498797e-01
   4.1591479e+00   1.7093793e-01   1.2599033e-01
   4.1641604e+00   1.7168983e-01   1.2701363e-01
   4.1691729e+00   1.7244864e-01   1.2805841e-01
   4.1741855e+00   1.7321423e-01   1.2912519e-01
   4.1791980e+00   1.7398641e-01   1.3021450e-01
   4.1842105e+00   1.7476501e-01   1.3132690e-01
   4.1892231e+00   1.7554982e-01   1.3246293e-01
   4.1942356e+00   1.7634064e-01   1.3362317e-01
   4.1992481e+00   1.7713725e-01   1.3480820e-01
   4.2042607e+00   1.7793942e-01   1.3601858e-01
   4.2092732e+00   1.7874687e-01   1.3725493e-01
   4.2142857e+00   1.7955936e-01   1.3851785e-01
   4.2192982e+00   1.8037660e-01   1.3980796e-01
   4.2243108e+00   1.8119829e-01   1.4112587e-01
   4.2293233e+00   1.8202410e-01   1.4247223e-01
   4.2343358e+00   1.8285370e-01   1.4384769e-01
   4.2393484e+00   1.8368675e-01   1.4525290e-01
   4.2443609e+00   1.8452285e-01   1.4668853e-01
   4.2493734e+00   1.8536162e-01   1.4815526e-01
   4.2543860e+00   1.8620264e-01   1.4965377e-01
   4.2593985e+00   1.8704546e-01   1.5118477e-01
   4.2644110e+00   1.8788963e-01   1.5274896e-01
   4.2694236e+00   1.8873465e-01   1.5434706e-01
   4.2744361e+00   1.8958001e-01   1.5597980e-01
   4.2794486e+00   1.9042516e-01   1.5764792e-01
   4.2844612e+00   1.9126954e-01   1.5935216e-01
   4.2894737e+00   1.9211256e-01   1.6109329e-01
   4.2944862e+00   1.9295357e-01   1.6287205e-01
   4.2994987e+00   1.9379192e-01   1.6468924e-01
   4.3045113e+00   1.9462692e-01   1.6654563e-01
   4.3095238e+00   1.9545785e-01   1.6844201e-01
   4.3145363e+00   1.9628393e-01   1.7037917e-01
   4.3195489e+00   1.9710437e-01   1.7235792e-01
   4.3245614e+00   1.9791832e-01   1.7437907e-01
   4.3295739e+00   1.9872493e-01   1.7644343e-01
   4.3345865e+00   1.9952325e-01   1.7855181e-01
   4.3395990e+00   2.0031233e-01   1.8070504e-01
   4.3446115e+00   2.0109117e-01   1.8290395e-01
   4.3496241e+00   2.0185870e-01   1.8514935e-01
   4.3546366e+00   2.0261382e-01   1.8744207e-01
   4.3596491e+00   2.0335539e-01   1.8978293e-01
   4.3646617e+00   2.0408218e-01   1.9217275e-01
   4.3696742e+00   2.0479296e-01   1.9461236e-01
   4.3746867e+00   2.0548639e-01   1.9710256e-01
   4.3796992e+00   2.0616111e-01   1.9964415e-01
   4.3847118e+00   2.0681569e-01   2.0223793e-01
   4.3897243e+00   2.0744862e-01   2.0488468e-01
   4.3947368e+00   2.0805836e-01   2.0758517e-01
   4.3997494e+00   2.0864328e-01   2.1034014e-01
   4.4047619e+00   2.0920168e-01   2.1315032e-01
   4.4097744e+00   2.0973181e-01   2.1601643e-01
   4.4147870e+00   2.1023183e-01   2.1893915e-01
   4.4197995e+00   2.1069984e-01   2.2191914e-01
   4.4248120e+00   2.1113385e-01   2.2495700e-01
   4.4298246e+00   2.1153180e-01   2.2805334e-01
   4.4348371e+00   2.1189156e-01   2.3120870e-01
   4.4398496e+00   2.1221091e-01   2.3442357e-01
   4.4448622e+00   2.1248754e-01   2.3769841e-01
   4.4498747e+00   2.1271908e-01   2.4103363e-01
   4.4548872e+00   2.1290304e-01   2.4442954e-01
   4.4598997e+00   2.1303688e-01   2.4788644e-01
   4.4649123e+00   2.1311795e-01   2.5140452e-01
   4.4699248e+00   2.1314352e-01   2.5498390e-01
   4.4749373e+00   2.1311078e-01   2.5862464e-01
   4.4799499e+00   2.1301680e-01   2.6232669e-01
   4.4849624e+00   2.1285860e-01   2.6608989e-01
   4.4899749e+00   2.1263310e-01   2.6991401e-01
   4.4949875e+00   2.1233713e-01   2.7379868e-01
   4.5000000e+00   2.1196742e-01   2.7774342e-01
