   2.5000000e+00  -4.5443532e+00   2.2177413e-01
   2.5050125e+00  -4.5222222e+00   2.2044689e-01
   2.5100251e+00  -4.5002233e+00   2.1913022e-01
   2.5150376e+00  -4.4783556e+00   2.1782400e-01
   2.5200501e+00  -4.4566180e+00   2.1652815e-01
   2.5250627e+00  -4.4350094e+00   2.1524255e-01
   2.5300752e+00  -4.4135288e+00   2.1396711e-01
   2.5350877e+00  -4.3921753e+00   2.1270172e-01
   2.5401003e+00  -4.3709478e+00   2.1144629e-01
   2.5451128e+00  -4.3498453e+00   2.1020072e-01
   2.5501253e+00  -4.3288669e+00   2.0896490e-01
   2.5551378e+00  -4.3080116e+00   2.0773876e-01
   2.5601504e+00  -4.2872784e+00   2.0652218e-01
   2.5651629e+00  -4.2666664e+00   2.0531508e-01
   2.5701754e+00  -4.2461746e+00   2.0411737e-01
   2.5751880e+00  -4.2258021e+00   2.0292896e-01
   2.5802005e+00  -4.2055481e+00   2.0174975e-01
   2.5852130e+00  -4.1854114e+00   2.0057966e-01
   2.5902256e+00  -4.1653914e+00   1.9941859e-01
   2.5952381e+00  -4.1454870e+00   1.9826647e-01
   2.6002506e+00  -4.1256973e+00   1.9712320e-01
   2.6052632e+00  -4.1060216e+00   1.9598871e-01
   2.6102757e+00  -4.0864589e+00   1.9486290e-01
   2.6152882e+00  -4.0670083e+00   1.9374569e-01
   2.6203008e+00  -4.0476690e+00   1.9263701e-01
   2.6253133e+00  -4.0284402e+00   1.9153677e-01
   2.6303258e+00  -4.0093210e+00   1.9044489e-01
   2.6353383e+00  -3.9903106e+00   1.8936129e-01
   2.6403509e+00  -3.9714082e+00   1.8828589e-01
   2.6453634e+00  -3.9526129e+00   1.8721862e-01
   2.6503759e+00  -3.9339239e+00   1.8615940e-01
   2.6553885e+00  -3.9153405e+00   1.8510815e-01
   2.6604010e+00  -3.8968618e+00   1.8406480e-01
   2.6654135e+00  -3.8784871e+00   1.8302927e-01
   2.6704261e+00  -3.8602155e+00   1.8200150e-01
   2.6754386e+00  -3.8420464e+00   1.8098141e-01
   2.6804511e+00  -3.8239789e+00   1.7996892e-01
   2.6854637e+00  -3.8060123e+00   1.7896397e-01
   2.6904762e+00  -3.7881458e+00   1.7796648e-01
   2.6954887e+00  -3.7703788e+00   1.7697639e-01
   2.7005013e+00  -3.7527104e+00   1.7599364e-01
   2.7055138e+00  -3.7351399e+00   1.7501814e-01
   2.7105263e+00  -3.7176666e+00   1.7404984e-01
   2.7155388e+00  -3.7002899e+00   1.7308866e-01
   2.7205514e+00  -3.6830089e+00   1.7213455e-01
   2.7255639e+00  -3.6658230e+00   1.7118744e-01
   2.7305764e+00  -3.6487315e+00   1.7024726e-01
   2.7355890e+00  -3.6317337e+00   1.6931395e-01
   2.7406015e+00  -3.6148289e+00   1.6838745e-01
   2.7456140e+00  -3.5980165e+00   1.6746769e-01
   2.7506266e+00  -3.5812957e+00   1.6655462e-01
   2.7556391e+00  -3.5646659e+00   1.6564818e-01
   2.7606516e+00  -3.5481265e+00   1.6474830e-01
   2.7656642e+00  -3.5316768e+00   1.6385492e-01
   2.7706767e+00  -3.5153161e+00   1.6296799e-01
   2.7756892e+00  -3.4990438e+00   1.6208745e-01
   2.7807018e+00  -3.4828593e+00   1.6121324e-01
   2.7857143e+00  -3.4667619e+00   1.6034530e-01
   2.7907268e+00  -3.4507510e+00   1.5948358e-01
   2.7957393e+00  -3.4348260e+00   1.5862802e-01
   2.8007519e+00  -3.4189863e+00   1.5777857e-01
   2.8057644e+00  -3.4032313e+00   1.5693518e-01
   2.8107769e+00  -3.3875603e+00   1.5609778e-01
   2.8157895e+00  -3.3719729e+00   1.5526633e-01
   2.8208020e+00  -3.3564683e+00   1.5444077e-01
   2.8258145e+00  -3.3410460e+00   1.5362105e-01
   2.8308271e+00  -3.3257054e+00   1.5280712e-01
   2.8358396e+00  -3.3104459e+00   1.5199893e-01
   2.8408521e+00  -3.2952671e+00   1.5119643e-01
   2.8458647e+00  -3.2801682e+00   1.5039957e-01
   2.8508772e+00  -3.2651488e+00   1.4960830e-01
   2.8558897e+00  -3.2502082e+00   1.4882256e-01
   2.8609023e+00  -3.2353460e+00   1.4804232e-01
   2.8659148e+00  -3.2205616e+00   1.4726752e-01
   2.8709273e+00  -3.2058544e+00   1.4649812e-01
   2.8759398e+00  -3.1912239e+00   1.4573406e-01
   2.8809524e+00  -3.1766697e+00   1.4497531e-01
   2.8859649e+00  -3.1621910e+00   1.4422182e-01
   2.8909774e+00  -3.1477875e+00   1.4347353e-01
   2.8959900e+00  -3.1334586e+00   1.4273042e-01
   2.9010025e+00  -3.1192038e+00   1.4199242e-01
   2.9060150e+00  -3.1050226e+00   1.4125951e-01
   2.9110276e+00  -3.0909144e+00   1.4053163e-01
   2.9160401e+00  -3.0768788e+00   1.3980874e-01
   2.9210526e+00  -3.0629154e+00   1.3909080e-01
   2.9260652e+00  -3.0490234e+00   1.3837776e-01
   2.9310777e+00  -3.0352026e+00   1.3766959e-01
   2.9360902e+00  -3.0214525e+00   1.3696624e-01
   2.9411028e+00  -3.0077724e+00   1.3626768e-01
   2.9461153e+00  -2.9941620e+00   1.3557385e-01
   2.9511278e+00  -2.9806208e+00   1.3488473e-01
   2.9561404e+00  -2.9671483e+00   1.3420027e-01
   2.9611529e+00  -2.9537441e+00   1.3352043e-01
   2.9661654e+00  -2.9404076e+00   1.3284518e-01
   2.9711779e+00  -2.9271385e+00   1.3217446e-01
   2.9761905e+00  -2.9139363e+00   1.3150826e-01
   2.9812030e+00  -2.9008006e+00   1.3084653e-01
   2.9862155e+00  -2.8877308e+00   1.3018922e-01
   2.9912281e+00  -2.8747265e+00   1.2953631e-01
   2.9962406e+00  -2.8617874e+00   1.2888776e-01
   3.0012531e+00  -2.8489130e+00   1.2824353e-01
   3.0062657e+00  -2.8361028e+00   1.2760359e-01
   3.0112782e+00  -2.8233565e+00   1.2696789e-01
   3.0162907e+00  -2.8106735e+00   1.2633641e-01
   3.0213033e+00  -2.7980535e+00   1.2570911e-01
   3.0263158e+00  -2.7854961e+00   1.2508596e-01
   3.0313283e+00  -2.7730008e+00   1.2446691e-01
   3.0363409e+00  -2.7605673e+00   1.2385195e-01
   3.0413534e+00  -2.7481951e+00   1.2324103e-01
   3.0463659e+00  -2.7358839e+00   1.2263412e-01
   3.0513784e+00  -2.7236332e+00   1.2203118e-01
   3.0563910e+00  -2.7114426e+00   1.2143219e-01
   3.0614035e+00  -2.6993118e+00   1.2083712e-01
   3.0664160e+00  -2.6872403e+00   1.2024592e-01
   3.0714286e+00  -2.6752278e+00   1.1965858e-01
   3.0764411e+00  -2.6632739e+00   1.1907505e-01
   3.0814536e+00  -2.6513782e+00   1.1849531e-01
   3.0864662e+00  -2.6395403e+00   1.1791933e-01
   3.0914787e+00  -2.6277599e+00   1.1734708e-01
   3.0964912e+00  -2.6160365e+00   1.1677852e-01
   3.1015038e+00  -2.6043699e+00   1.1621362e-01
   3.1065163e+00  -2.5927596e+00   1.1565237e-01
   3.1115288e+00  -2.5812053e+00   1.1509472e-01
   3.1165414e+00  -2.5697067e+00   1.1454065e-01
   3.1215539e+00  -2.5582633e+00   1.1399013e-01
   3.1265664e+00  -2.5468748e+00   1.1344313e-01
   3.1315789e+00  -2.5355409e+00   1.1289963e-01
   3.1365915e+00  -2.5242613e+00   1.1235959e-01
   3.1416040e+00  -2.5130355e+00   1.1182299e-01
   3.1466165e+00  -2.5018632e+00   1.1128980e-01
   3.1516291e+00  -2.4907441e+00   1.1075999e-01
   3.1566416e+00  -2.4796779e+00   1.1023354e-01
   3.1616541e+00  -2.4686642e+00   1.0971043e-01
   3.1666667e+00  -2.4577027e+00   1.0919061e-01
   3.1716792e+00  -2.4467931e+00   1.0867408e-01
   3.1766917e+00  -2.4359349e+00   1.0816079e-01
   3.1817043e+00  -2.4251280e+00   1.0765074e-01
   3.1867168e+00  -2.4143720e+00   1.0714388e-01
   3.1917293e+00  -2.4036666e+00   1.0664020e-01
   3.1967419e+00  -2.3930114e+00   1.0613967e-01
   3.2017544e+00  -2.3824062e+00   1.0564227e-01
   3.2067669e+00  -2.3718505e+00   1.0514798e-01
   3.2117794e+00  -2.3613442e+00   1.0465676e-01
   3.2167920e+00  -2.3508869e+00   1.0416859e-01
   3.2218045e+00  -2.3404784e+00   1.0368346e-01
   3.2268170e+00  -2.3301182e+00   1.0320133e-01
   3.2318296e+00  -2.3198061e+00   1.0272219e-01
   3.2368421e+00  -2.3095419e+00   1.0224601e-01
   3.2418546e+00  -2.2993251e+00   1.0177277e-01
   3.2468672e+00  -2.2891556e+00   1.0130244e-01
   3.2518797e+00  -2.2790330e+00   1.0083500e-01
   3.2568922e+00  -2.2689571e+00   1.0037044e-01
   3.2619048e+00  -2.2589275e+00   9.9908725e-02
   3.2669173e+00  -2.2489439e+00   9.9449838e-02
   3.2719298e+00  -2.2390062e+00   9.8993756e-02
   3.2769424e+00  -2.2291140e+00   9.8540458e-02
   3.2819549e+00  -2.2192670e+00   9.8089923e-02
   3.2869674e+00  -2.2094650e+00   9.7642130e-02
   3.2919799e+00  -2.1997077e+00   9.7197058e-02
   3.2969925e+00  -2.1899947e+00   9.6754687e-02
   3.3020050e+00  -2.1803260e+00   9.6314995e-02
   3.3070175e+00  -2.1707011e+00   9.5877963e-02
   3.3120301e+00  -2.1611198e+00   9.5443571e-02
   3.3170426e+00  -2.1515819e+00   9.5011799e-02
   3.3220551e+00  -2.1420870e+00   9.4582627e-02
   3.3270677e+00  -2.1326350e+00   9.4156035e-02
   3.3320802e+00  -2.1232256e+00   9.3732005e-02
   3.3370927e+00  -2.1138584e+00   9.3310516e-02
   3.3421053e+00  -2.1045334e+00   9.2891550e-02
   3.3471178e+00  -2.0952502e+00   9.2475089e-02
   3.3521303e+00  -2.0860085e+00   9.2061113e-02
   3.3571429e+00  -2.0768081e+00   9.1649603e-02
   3.3621554e+00  -2.0676488e+00   9.1240543e-02
   3.3671679e+00  -2.0585304e+00   9.0833912e-02
   3.3721805e+00  -2.0494525e+00   9.0429694e-02
   3.3771930e+00  -2.0404149e+00   9.0027871e-02
   3.3822055e+00  -2.0314175e+00   8.9628424e-02
   3.3872180e+00  -2.0224599e+00   8.9231337e-02
   3.3922306e+00  -2.0135420e+00   8.8836591e-02
   3.3972431e+00  -2.0046635e+00   8.8444170e-02
   3.4022556e+00  -1.9958241e+00   8.8054057e-02
   3.4072682e+00  -1.9870237e+00   8.7666234e-02
   3.4122807e+00  -1.9782620e+00   8.7280685e-02
   3.4172932e+00  -1.9695388e+00   8.6897394e-02
   3.4223058e+00  -1.9608538e+00   8.6516343e-02
   3.4273183e+00  -1.9522068e+00   8.6137516e-02
   3.4323308e+00  -1.9435977e+00   8.5760897e-02
   3.4373434e+00  -1.9350262e+00   8.5386471e-02
   3.4423559e+00  -1.9264920e+00   8.5014221e-02
   3.4473684e+00  -1.9179950e+00   8.4644131e-02
   3.4523810e+00  -1.9095350e+00   8.4276185e-02
   3.4573935e+00  -1.9011116e+00   8.3910369e-02
   3.4624060e+00  -1.8927248e+00   8.3546667e-02
   3.4674185e+00  -1.8843743e+00   8.3185064e-02
   3.4724311e+00  -1.8760599e+00   8.2825543e-02
   3.4774436e+00  -1.8677814e+00   8.2468092e-02
   3.4824561e+00  -1.8595385e+00   8.2112694e-02
   3.4874687e+00  -1.8513312e+00   8.1759335e-02
   3.4924812e+00  -1.8431591e+00   8.1408000e-02
   3.4974937e+00  -1.8350221e+00   8.1058675e-02
   3.5025063e+00  -1.8269199e+00   8.0711346e-02
   3.5075188e+00  -1.8188525e+00   8.0365998e-02
   3.5125313e+00  -1.8108195e+00   8.0022617e-02
   3.5175439e+00  -1.8028208e+00   7.9681189e-02
   3.5225564e+00  -1.7948561e+00   7.9341700e-02
   3.5275689e+00  -1.7869254e+00   7.9004138e-02
   3.5325815e+00  -1.7790284e+00   7.8668487e-02
   3.5375940e+00  -1.7711648e+00   7.8334734e-02
   3.5426065e+00  -1.7633346e+00   7.8002867e-02
   3.5476190e+00  -1.7555376e+00   7.7672871e-02
   3.5526316e+00  -1.7477734e+00   7.7344733e-02
   3.5576441e+00  -1.7400421e+00   7.7018442e-02
   3.5626566e+00  -1.7323433e+00   7.6693983e-02
   3.5676692e+00  -1.7246769e+00   7.6371343e-02
   3.5726817e+00  -1.7170427e+00   7.6050510e-02
   3.5776942e+00  -1.7094405e+00   7.5731472e-02
   3.5827068e+00  -1.7018702e+00   7.5414216e-02
   3.5877193e+00  -1.6943316e+00   7.5098729e-02
   3.5927318e+00  -1.6868245e+00   7.4784999e-02
   3.5977444e+00  -1.6793486e+00   7.4473014e-02
   3.6027569e+00  -1.6719040e+00   7.4162761e-02
   3.6077694e+00  -1.6644903e+00   7.3854229e-02
   3.6127820e+00  -1.6571074e+00   7.3547407e-02
   3.6177945e+00  -1.6497552e+00   7.3242281e-02
   3.6228070e+00  -1.6424334e+00   7.2938840e-02
   3.6278195e+00  -1.6351419e+00   7.2637073e-02
   3.6328321e+00  -1.6278806e+00   7.2336969e-02
   3.6378446e+00  -1.6206492e+00   7.2038515e-02
   3.6428571e+00  -1.6134476e+00   7.1741700e-02
   3.6478697e+00  -1.6062757e+00   7.1446513e-02
   3.6528822e+00  -1.5991332e+00   7.1152944e-02
   3.6578947e+00  -1.5920201e+00   7.0860980e-02
   3.6629073e+00  -1.5849361e+00   7.0570612e-02
   3.6679198e+00  -1.5778811e+00   7.0281827e-02
   3.6729323e+00  -1.5708549e+00   6.9994616e-02
   3.6779449e+00  -1.5638574e+00   6.9708968e-02
   3.6829574e+00  -1.5568884e+00   6.9424871e-02
   3.6879699e+00  -1.5499478e+00   6.9142316e-02
   3.6929825e+00  -1.5430354e+00   6.8861292e-02
   3.6979950e+00  -1.5361511e+00   6.8581789e-02
   3.7030075e+00  -1.5292947e+00   6.8303796e-02
   3.7080201e+00  -1.5224660e+00   6.8027303e-02
   3.7130326e+00  -1.5156650e+00   6.7752301e-02
   3.7180451e+00  -1.5088914e+00   6.7478778e-02
   3.7230576e+00  -1.5021452e+00   6.7206726e-02
   3.7280702e+00  -1.4954261e+00   6.6936134e-02
   3.7330827e+00  -1.4887340e+00   6.6666993e-02
   3.7380952e+00  -1.4820688e+00   6.6399292e-02
   3.7431078e+00  -1.4754303e+00   6.6133023e-02
   3.7481203e+00  -1.4688184e+00   6.5868175e-02
   3.7531328e+00  -1.4622330e+00   6.5604739e-02
   3.7581454e+00  -1.4556739e+00   6.5342706e-02
   3.7631579e+00  -1.4491409e+00   6.5082067e-02
   3.7681704e+00  -1.4426340e+00   6.4822811e-02
   3.7731830e+00  -1.4361530e+00   6.4564931e-02
   3.7781955e+00  -1.4296977e+00   6.4308417e-02
   3.7832080e+00  -1.4232680e+00   6.4053259e-02
   3.7882206e+00  -1.4168639e+00   6.3799450e-02
   3.7932331e+00  -1.4104850e+00   6.3546979e-02
   3.7982456e+00  -1.4041314e+00   6.3295839e-02
   3.8032581e+00  -1.3978029e+00   6.3046020e-02
   3.8082707e+00  -1.3914993e+00   6.2797514e-02
   3.8132832e+00  -1.3852205e+00   6.2550312e-02
   3.8182957e+00  -1.3789665e+00   6.2304406e-02
   3.8233083e+00  -1.3727369e+00   6.2059786e-02
   3.8283208e+00  -1.3665319e+00   6.1816446e-02
   3.8333333e+00  -1.3603511e+00   6.1574376e-02
   3.8383459e+00  -1.3541945e+00   6.1333568e-02
   3.8433584e+00  -1.3480619e+00   6.1094014e-02
   3.8483709e+00  -1.3419533e+00   6.0855706e-02
   3.8533835e+00  -1.3358685e+00   6.0618635e-02
   3.8583960e+00  -1.3298073e+00   6.0382795e-02
   3.8634085e+00  -1.3237697e+00   6.0148175e-02
   3.8684211e+00  -1.3177556e+00   5.9914770e-02
   3.8734336e+00  -1.3117647e+00   5.9682570e-02
   3.8784461e+00  -1.3057971e+00   5.9451569e-02
   3.8834586e+00  -1.2998525e+00   5.9221758e-02
   3.8884712e+00  -1.2939309e+00   5.8993130e-02
   3.8934837e+00  -1.2880321e+00   5.8765677e-02
   3.8984962e+00  -1.2821560e+00   5.8539392e-02
   3.9035088e+00  -1.2763025e+00   5.8314267e-02
   3.9085213e+00  -1.2704715e+00   5.8090295e-02
   3.9135338e+00  -1.2646629e+00   5.7867468e-02
   3.9185464e+00  -1.2588766e+00   5.7645779e-02
   3.9235589e+00  -1.2531124e+00   5.7425221e-02
   3.9285714e+00  -1.2473702e+00   5.7205787e-02
   3.9335840e+00  -1.2416499e+00   5.6987469e-02
   3.9385965e+00  -1.2359515e+00   5.6770260e-02
   3.9436090e+00  -1.2302747e+00   5.6554154e-02
   3.9486216e+00  -1.2246195e+00   5.6339143e-02
   3.9536341e+00  -1.2189858e+00   5.6125221e-02
   3.9586466e+00  -1.2133735e+00   5.5912380e-02
   3.9636591e+00  -1.2077825e+00   5.5700613e-02
   3.9686717e+00  -1.2022125e+00   5.5489915e-02
   3.9736842e+00  -1.1966637e+00   5.5280278e-02
   3.9786967e+00  -1.1911358e+00   5.5071696e-02
   3.9837093e+00  -1.1856287e+00   5.4864161e-02
   3.9887218e+00  -1.1801423e+00   5.4657668e-02
   3.9937343e+00  -1.1746766e+00   5.4452210e-02
   3.9987469e+00  -1.1692314e+00   5.4247780e-02
   4.0037594e+00  -1.1638066e+00   5.4044372e-02
   4.0087719e+00  -1.1584022e+00   5.3841979e-02
   4.0137845e+00  -1.1530179e+00   5.3640596e-02
   4.0187970e+00  -1.1476538e+00   5.3440216e-02
   4.0238095e+00  -1.1423097e+00   5.3240832e-02
   4.0288221e+00  -1.1369855e+00   5.3042439e-02
   4.0338346e+00  -1.1316811e+00   5.2845030e-02
   4.0388471e+00  -1.1263965e+00   5.2648600e-02
   4.0438596e+00  -1.1211314e+00   5.2453142e-02
   4.0488722e+00  -1.1158859e+00   5.2258650e-02
   4.0538847e+00  -1.1106599e+00   5.2065118e-02
   4.0588972e+00  -1.1054531e+00   5.1872541e-02
   4.0639098e+00  -1.1002656e+00   5.1680912e-02
   4.0689223e+00  -1.0950973e+00   5.1490226e-02
   4.0739348e+00  -1.0899480e+00   5.1300477e-02
   4.0789474e+00  -1.0848176e+00   5.1111658e-02
   4.0839599e+00  -1.0797062e+00   5.0923765e-02
   4.0889724e+00  -1.0746134e+00   5.0736792e-02
   4.0939850e+00  -1.0695394e+00   5.0550733e-02
   4.0989975e+00  -1.0644840e+00   5.0365583e-02
   4.1040100e+00  -1.0594470e+00   5.0181335e-02
   4.1090226e+00  -1.0544285e+00   4.9997985e-02
   4.1140351e+00  -1.0494283e+00   4.9815527e-02
   4.1190476e+00  -1.0444463e+00   4.9633956e-02
   4.1240602e+00  -1.0394824e+00   4.9453266e-02
   4.1290727e+00  -1.0345366e+00   4.9273452e-02
   4.1340852e+00  -1.0296088e+00   4.9094508e-02
   4.1390977e+00  -1.0246989e+00   4.8916430e-02
   4.1441103e+00  -1.0198067e+00   4.8739212e-02
   4.1491228e+00  -1.0149322e+00   4.8562849e-02
   4.1541353e+00  -1.0100754e+00   4.8387336e-02
   4.1591479e+00  -1.0052361e+00   4.8212667e-02
   4.1641604e+00  -1.0004143e+00   4.8038838e-02
   4.1691729e+00  -9.9560979e-01   4.7865843e-02
   4.1741855e+00  -9.9082260e-01   4.7693679e-02
   4.1791980e+00  -9.8605261e-01   4.7522338e-02
   4.1842105e+00  -9.8129973e-01   4.7351818e-02
   4.1892231e+00  -9.7656390e-01   4.7182112e-02
   4.1942356e+00  -9.7184502e-01   4.7013216e-02
   4.1992481e+00  -9.6714302e-01   4.6845125e-02
   4.2042607e+00  -9.6245781e-01   4.6677834e-02
   4.2092732e+00  -9.5778932e-01   4.6511339e-02
   4.2142857e+00  -9.5313746e-01   4.6345635e-02
   4.2192982e+00  -9.4850217e-01   4.6180717e-02
   4.2243108e+00  -9.4388335e-01   4.6016580e-02
   4.2293233e+00  -9.3928093e-01   4.5853220e-02
   4.2343358e+00  -9.3469483e-01   4.5690633e-02
   4.2393484e+00  -9.3012498e-01   4.5528813e-02
   4.2443609e+00  -9.2557130e-01   4.5367756e-02
   4.2493734e+00  -9.2103371e-01   4.5207458e-02
   4.2543860e+00  -9.1651213e-01   4.5047914e-02
   4.2593985e+00  -9.1200651e-01   4.4889120e-02
   4.2644110e+00  -9.0751674e-01   4.4731071e-02
   4.2694236e+00  -9.0304277e-01   4.4573764e-02
   4.2744361e+00  -8.9858452e-01   4.4417193e-02
   4.2794486e+00  -8.9414192e-01   4.4261354e-02
   4.2844612e+00  -8.8971489e-01   4.4106244e-02
   4.2894737e+00  -8.8530335e-01   4.3951857e-02
   4.2944862e+00  -8.8090725e-01   4.3798190e-02
   4.2994987e+00  -8.7652650e-01   4.3645239e-02
   4.3045113e+00  -8.7216103e-01   4.3492999e-02
   4.3095238e+00  -8.6781077e-01   4.3341465e-02
   4.3145363e+00  -8.6347566e-01   4.3190635e-02
   4.3195489e+00  -8.5915562e-01   4.3040504e-02
   4.3245614e+00  -8.5485059e-01   4.2891068e-02
   4.3295739e+00  -8.5056048e-01   4.2742323e-02
   4.3345865e+00  -8.4628524e-01   4.2594265e-02
   4.3395990e+00  -8.4202480e-01   4.2446890e-02
   4.3446115e+00  -8.3777908e-01   4.2300194e-02
   4.3496241e+00  -8.3354803e-01   4.2154172e-02
   4.3546366e+00  -8.2933156e-01   4.2008823e-02
   4.3596491e+00  -8.2512962e-01   4.1864140e-02
   4.3646617e+00  -8.2094214e-01   4.1720121e-02
   4.3696742e+00  -8.1676905e-01   4.1576762e-02
   4.3746867e+00  -8.1261029e-01   4.1434059e-02
   4.3796992e+00  -8.0846579e-01   4.1292009e-02
   4.3847118e+00  -8.0433548e-01   4.1150606e-02
   4.3897243e+00  -8.0021931e-01   4.1009849e-02
   4.3947368e+00  -7.9611720e-01   4.0869733e-02
   4.3997494e+00  -7.9202910e-01   4.0730254e-02
   4.4047619e+00  -7.8795493e-01   4.0591409e-02
   4.4097744e+00  -7.8389464e-01   4.0453195e-02
   4.4147870e+00  -7.7984816e-01   4.0315607e-02
   4.4197995e+00  -7.7581543e-01   4.0178642e-02
   4.4248120e+00  -7.7179639e-01   4.0042297e-02
   4.4298246e+00  -7.6779098e-01   3.9906569e-02
   4.4348371e+00  -7.6379913e-01   3.9771453e-02
   4.4398496e+00  -7.5982079e-01   3.9636946e-02
   4.4448622e+00  -7.5585588e-01   3.9503045e-02
   4.4498747e+00  -7.5190436e-01   3.9369746e-02
   4.4548872e+00  -7.4796616e-01   3.9237046e-02
   4.4598997e+00  -7.4404123e-01   3.9104942e-02
   4.4649123e+00  -7.4012949e-01   3.8973431e-02
   4.4699248e+00  -7.3623090e-01   3.8842508e-02
   4.4749373e+00  -7.3234540e-01   3.8712171e-02
   4.4799499e+00  -7.2847292e-01   3.8582417e-02
   4.4849624e+00  -7.2461341e-01   3.8453241e-02
   4.4899749e+00  -7.2076681e-01   3.8324642e-02
   4.4949875e+00  -7.1693306e-01   3.8196615e-02
   4.5000000e+00  -7.1311211e-01   3.8069158e-02
